# Created by Octave 4.0.0, Wed May 02 22:18:06 2018 CEST <olethros@olethros-OptiPlex-9010>
# name: results
# type: struct
# ndims: 2
 1 5
# length: 3
# name: PU
# type: cell
# rows: 1
# columns: 5
# name: <cell-element>
# type: matrix
# rows: 61
# columns: 2
 0.4572196429682734 0.5053378229224597
 0.5927693513481685 0.59699112902373
 0.6288167057204473 0.6258888477736725
 0.6250518535161197 0.6240847389536537
 0.6282177856998755 0.6306070044911677
 0.6392188511111516 0.6328317600887047
 0.6308739273716135 0.6367570873084181
 0.6362277976830534 0.6430650488137311
 0.6380260150441114 0.6358310749247268
 0.6368236160471417 0.6401722689185833
 0.6324106603163685 0.6376185003932847
 0.6335976172675616 0.6370635434596058
 0.6365277840568337 0.6378011956512454
 0.6378924690250152 0.6391327762758807
 0.6337037870281472 0.6352374915226972
 0.6363280786714735 0.6371145397156098
 0.6378807125993767 0.6358292193037542
 0.6346841652158985 0.6317224756470754
 0.6299784141385952 0.6343259274579955
 0.6281593536291914 0.6315332830365917
 0.6374863821967724 0.6344086422184227
 0.6306477242092313 0.6331907183182773
 0.6362036993956036 0.6340037069159721
 0.632324272807024 0.6378442984668106
 0.6438307200987716 0.6326372161011212
 0.6330342387244605 0.6301337801046245
 0.6351238389242768 0.6298452090685247
 0.6360573613951392 0.6334682636555653
 0.6421044323957229 0.6363561584286043
 0.63957063775151 0.6412030292557013
 0.6366769446677853 0.6389918613298884
 0.6383280343432066 0.6407095238182828
 0.6427137547632226 0.6388163795130343
 0.638813995795796 0.6382720177875399
 0.6372223269543884 0.6393090838885347
 0.6418766944908555 0.640322622034011
 0.6373970776318417 0.6360380325752515
 0.6414523238800081 0.6416245743881449
 0.639449683802413 0.6406746006492057
 0.6399858528156198 0.6366109658136433
 0.6455627390439688 0.6375182735185093
 0.6383739128131478 0.6374905568779384
 0.6386961009211097 0.6420858117316939
 0.6392485738662832 0.6429003666891673
 0.6455318397415903 0.6451458149281903
 0.6457421783424204 0.6449824170659642
 0.6471598288762561 0.6451698105883655
 0.6427347879214722 0.6468405760976939
 0.6453517492724551 0.6492229920972667
 0.647986777824105 0.6457683423449843
 0.6484980848351368 0.6469755271649816
 0.6416660278918116 0.6483422002118795
 0.6497889401718974 0.6468102896708056
 0.6447197694802682 0.6487183719063631
 0.6428165001368094 0.6491278484117785
 0.6485635041929921 0.6505001325277323
 0.647484270514486 0.650312507421561
 0.6465229176417469 0.650414667141449
 0.6463627413624581 0.6482626226394209
 0.6494332476338304 0.6462047566819341
 0.6507251192380893 0.6465597020843201



# name: <cell-element>
# type: matrix
# rows: 61
# columns: 2
 0.5542407986425629 0.5095312397830307
 0.5944886808164833 0.5967203166381944
 0.5804391068993253 0.6338450843948519
 0.6071763363067081 0.6445396352208282
 0.5944498569230637 0.6139933691656825
 0.6196748810039722 0.6172858640859918
 0.6145029956418032 0.624516006467476
 0.6194033108617026 0.6310142576832876
 0.6160512690937437 0.6261258095471854
 0.6259945383349667 0.6317571497663738
 0.610408558781165 0.6275698793727893
 0.6116945945284751 0.6235882786861622
 0.6157286555902295 0.6238742419888974
 0.6142974058323258 0.6215880488070128
 0.6107520489838714 0.622499359558937
 0.6133599206747307 0.6196881927166581
 0.6082955257884758 0.6166439472017746
 0.6111536106434726 0.6178713094933354
 0.6049942164513236 0.619699604854447
 0.6114311479569881 0.618519516760904
 0.6046831057528081 0.6170736627619735
 0.6152681117006994 0.6151250927701607
 0.6111159972984199 0.6137304892507012
 0.6107983816680702 0.6182695511416174
 0.6130501721002994 0.6165703929181023
 0.6131038406185645 0.616145806662171
 0.6132344378939586 0.6211492291891068
 0.6215034882635754 0.6288496488746722
 0.6200307319454343 0.6233094843980355
 0.620349510336456 0.6183024026218997
 0.6268822719696299 0.6238028411803974
 0.6237245893048902 0.6217710818425659
 0.6224357411672239 0.6171173160301068
 0.6168239820504509 0.6172396296847433
 0.6247407587884288 0.6280505550652183
 0.6230319395405801 0.6266207127277581
 0.6296096385911509 0.6249801391891995
 0.62032844379612 0.6251299456562295
 0.6205293292531658 0.6247543777954412
 0.6182349163964044 0.6253392477795398
 0.621575290665464 0.6259296815137791
 0.6235500546988462 0.6269552508075309
 0.6203856140591185 0.6215264899560128
 0.6197678550892518 0.6228726986936359
 0.6198126259821103 0.6263651922911356
 0.6210230967808013 0.6286016964383723
 0.6285794677143324 0.6280685998117638
 0.626434018344292 0.6266184857634156
 0.6264134777324615 0.628120986011264
 0.6245600105051357 0.6265493854161546
 0.6227160859345156 0.6263482610821225
 0.6226228390764658 0.627301163324452
 0.632080113840255 0.62919961314841
 0.6261987665956098 0.6295398046647993
 0.6256728147566182 0.6279357334013238
 0.6301808695375685 0.6307501631584741
 0.6215502080217491 0.6310624598623416
 0.6287990143546667 0.6268738374362955
 0.6233630710814364 0.6266213505641273
 0.6242692588885213 0.6267601674012294
 0.6306384089011909 0.625773141101465



# name: <cell-element>
# type: matrix
# rows: 61
# columns: 2
 0.5220941042966241 0.4963866971374089
 0.5296613412969999 0.5680958783324339
 0.5474878427778586 0.5890331488225217
 0.5786013743164138 0.6028248171066579
 0.5769788811817872 0.587755186640866
 0.5787953960832209 0.595531098793873
 0.574215103090471 0.600408318017429
 0.579247699380133 0.6027556372692503
 0.576946753945901 0.6064099543005166
 0.57234619700707 0.6057034962739282
 0.5722210189594065 0.6013058580688326
 0.5697216855763153 0.5990304441580345
 0.568963025440912 0.5947418647064656
 0.5701259537519728 0.5921637662465589
 0.578111079407197 0.5919905195379279
 0.5664420731685877 0.5873711251688047
 0.571359266469063 0.5885717863376131
 0.5741912304004025 0.59358545767756
 0.5705506658400543 0.5966937843245376
 0.5767811292798307 0.5981143047096528
 0.5728884649194717 0.5964401888484576
 0.5788011602441063 0.598344244739227
 0.5730293826831352 0.5944894231619237
 0.5794242314707794 0.5965474937154346
 0.580496609871415 0.6004619799497051
 0.5780303291395554 0.59678900119843
 0.5803686098242745 0.6023465869794126
 0.5804604353977597 0.6074146432251597
 0.5815215863779174 0.61046647429558
 0.5828893158933249 0.6120689165784903
 0.5893079677612014 0.6136089812403769
 0.5818576775225561 0.6120787854713284
 0.5802540760151544 0.612131287467009
 0.5808454109472628 0.6085128288988845
 0.5842890242431316 0.6091819958790899
 0.5804851004450818 0.602983777946126
 0.5820535928505659 0.6038832537259766
 0.5787448814820372 0.6001494347559165
 0.5775116232469911 0.5986309779595436
 0.5791397951464562 0.6010054841758011
 0.5754481135231533 0.5973878641706991
 0.5838388233712288 0.6029114391234652
 0.5827499367423125 0.6036742435302238
 0.5785819160065565 0.6038571507540043
 0.5819832038832627 0.6007676330465765
 0.5817103604066109 0.6028691787327272
 0.5841038725349146 0.6011967802376597
 0.5841514363034844 0.6047715857970439
 0.589367680383087 0.6031020834109302
 0.5872280832097915 0.603082390506401
 0.5852972172794169 0.6064506115123262
 0.5889744727317558 0.6059961713423786
 0.5798567733436764 0.6048031145140798
 0.5776382564585948 0.6051973832513893
 0.5925663383953768 0.6092020744052559
 0.5879525815916754 0.6112929962650298
 0.5948560616102123 0.6107087648863081
 0.5884411452384861 0.6124765769162537
 0.5910320537683702 0.6110061223176357
 0.5943290382086959 0.6069361339971022
 0.5942837047565555 0.6055568705141076



