# Created by Octave 4.0.0, Fri Apr 27 10:23:59 2018 CEST <olethros@olethros-OptiPlex-9010>
# name: PU
# type: matrix
# rows: 100
# columns: 2
 0.4925356493968787 0.5225612469189438
 0.6014269636562677 0.6073525382779065
 0.5003332610917469 0.6073525382779065
 0.4834479736385257 0.3993044332736066
 0.5601450901121281 0.5136329661915082
 0.6328668121023907 0.2953102780983262
 0.6983878113896422 0.4254438881578632
 0.5977446709094477 0.5903807310282917
 0.4160890678489165 0.5903807310282917
 0.5125322832466667 0.5903807310282917
 0.5905471439140857 0.4868953776993052
 0.4927681087954326 0.4840217728784268
 0.7009023206273239 0.4868953776993052
 0.5610042296749693 0.6937351469679667
 0.6038261917635278 0.4868953776993052
 0.4868960134081908 0.4868953776993052
 0.6038407517719142 0.6937351469679667
 0.4868803375696124 0.6037397542521333
 0.598435132176558 0.5989260981501892
 0.6110479360755209 0.6097545271268301
 0.5094603122337779 0.6039239117101577
 0.5976356744587813 0.4794871177086247
 0.6803399266443989 0.6111480142428138
 0.47954994446745 0.5999442782872259
 0.700416989910726 0.5999442782872259
 0.5993385074880405 0.5999442782872259
 0.5998352273763526 0.6111480142428138
 0.4941021939168136 0.6111480142428138
 0.6130299037729789 0.5999442782872259
 0.599781007976904 0.5999442782872259
 0.7004270100576685 0.5999442782872259
 0.6114372858991592 0.6111480142428138
 0.7003905257180052 0.5999442782872259
 0.6131595871539103 0.5979147547244523
 0.6131329881343787 0.6131775378055875
 0.6804571721859554 0.6131775378055875
 0.6131775378055875 0.6131775378055875
 0.4777574565503903 0.6131775378055875
 0.6132197449119295 0.6131775378055875
 0.6131775378055875 0.4774575941458512
 0.6128820686699806 0.6805018874496052
 0.6040023305102878 0.6131775378055875
 0.5659741246340242 0.6131775378055875
 0.6131775378055875 0.6131775378055875
 0.6131775378055875 0.6131775378055875
 0.5600447268710038 0.6131775378055875
 0.6129960065461 0.6131775378055875
 0.5964104332328736 0.5254899923518572
 0.5964200993228562 0.4774575941458512
 0.6129177804673238 0.6131775378055875
 0.5068701794016837 0.5963979633441995
 0.5964125200971321 0.5963979633441995
 0.5964365213115046 0.5963979633441995
 0.6037910171205945 0.5768243013323918
 0.5963962711936487 0.5963979633441995
 0.5964402117154317 0.5963979633441995
 0.5963979633441995 0.5963979633441995
 0.5964159676352074 0.5963979633441995
 0.493552158474919 0.5963979633441995
 0.5963979633441995 0.5963979633441995
 0.5964436055402202 0.5963979633441995
 0.5963979633441995 0.5963979633441995
 0.4947061634269461 0.5842325613230724
 0.4940207286106982 0.5963979633441995
 0.5963979633441995 0.7105147214293547
 0.4948414722096571 0.5963979633441995
 0.5963284578132635 0.5963979633441995
 0.5963979633441995 0.5963979633441995
 0.5963979633441995 0.5963979633441995
 0.6069318775680499 0.6972814619109932
 0.5964016759394504 0.5963979633441995
 0.5769952388279461 0.5963979633441995
 0.5964050371116423 0.6972814619109932
 0.5962768914907136 0.5963979633441995
 0.6071950087986578 0.5963979633441995
 0.5964260802216269 0.6972814619109932
 0.5965572027180499 0.6972814619109932
 0.5963979633441995 0.5963979633441995
 0.5964107808370012 0.5963979633441995
 0.7104662938686511 0.5963979633441995
 0.5963478328066335 0.6972814619109932
 0.5963188576656959 0.5963979633441995
 0.5962655086630532 0.5963979633441995
 0.5963992644698812 0.5963979633441995
 0.5964189300749315 0.5963979633441995
 0.5963979633441995 0.5963979633441995
 0.7105126923214174 0.5963979633441995
 0.5963943955382712 0.5963979633441995
 0.6972720466756486 0.5963979633441995
 0.5963979633441995 0.5963979633441995
 0.7104853137488584 0.6981557926541632
 0.6981398657909773 0.5963979633441995
 0.7104933423325225 0.7105147214293547
 0.697163357245125 0.5963979633441995
 0.7104773742654031 0.5963979633441995
 0.5965532322501246 0.6972814619109932
 0.7103293524769884 0.5963979633441995
 0.6972825884796227 0.697155698205513
 0.5964832232210363 0.697155698205513
 0.6971336795387023 0.697155698205513


# name: PF
# type: matrix
# rows: 100
# columns: 2
 0.4564164903132565 0.4068195540148475
 0.4635840787242018 0.2746278076533598
 0.389053557479752 0.2746278076533598
 0.2603687571773312 0.4719114226351059
 0.2204176993803038 0.4173242135550966
 0.4970980589454113 0.09350845259446781
 0.4284014168399 0.6153956100552849
 0.2156671337564144 0.3929533750382043
 0.4408833393822617 0.3929533750382043
 0.5788224385236141 0.3929533750382043
 0.1613683026920691 0.1480181689686127
 0.4458946073426913 0.2001109349655738
 0.4318383972358802 0.1480181689686127
 0.3832785983478935 0.6333359880467098
 0.4637726952995809 0.1480181689686127
 0.1487044376887325 0.1480181689686127
 0.3226824098819885 0.6333359880467098
 0.1480434907421662 0.3238932536664934
 0.2010638036726536 0.1956629449641955
 0.3176071061810637 0.3007969781718856
 0.2540157260938265 0.2289756823065899
 0.2184765731481988 0.1539495239034848
 0.7265433518005036 0.3179618987316212
 0.1532463319722688 0.4752600660730861
 0.4315341646457785 0.4752600660730861
 0.4735058122245525 0.4752600660730861
 0.473604427957455 0.3179618987316212
 0.2555694824347084 0.3179618987316212
 0.7905459430751377 0.4752600660730861
 0.4765758008408387 0.4752600660730861
 0.4291527669506462 0.4752600660730861
 0.3168971988649787 0.3179618987316212
 0.4299620897017491 0.4752600660730861
 0.7943248885470168 0.2200303165721341
 0.794226566701205 0.7941030466692306
 0.3149495353815553 0.7941030466692306
 0.7941030466692306 0.7941030466692306
 0.5666266528449987 0.7941030466692306
 0.7939650197700117 0.7941030466692306
 0.7941030466692306 0.5680432243050441
 0.7937831478245178 0.3144930074505653
 0.3223628414668424 0.7941030466692306
 0.2394560170474471 0.7941030466692306
 0.7941030466692306 0.7941030466692306
 0.7941030466692306 0.7941030466692306
 0.2220617234198612 0.7941030466692306
 0.7934233822877219 0.7941030466692306
 1.001318140044375 0.3898386725330495
 1.00098627787493 0.5680432243050441
 0.7934466099881946 0.7941030466692306
 0.7777445808444737 1.001472248294537
 1.001222654450997 1.001472248294537
 1.001118029360867 1.001472248294537
 0.3240044746998934 0.2408891019076514
 1.001431477513576 1.001472248294537
 1.000950124742921 1.001472248294537
 1.001472248294537 1.001472248294537
 1.001249011020515 1.001472248294537
 0.6670217054694091 1.001472248294537
 1.001472248294537 1.001472248294537
 1.001031232235202 1.001472248294537
 1.001472248294537 1.001472248294537
 0.773033605744007 0.4415213603273778
 0.7754514682763234 1.001472248294537
 1.001472248294537 0.425966786421403
 0.7727163634007836 1.001472248294537
 1.00121659520771 1.001472248294537
 1.001472248294537 1.001472248294537
 1.001472248294537 1.001472248294537
 0.4868282052859763 0.1071238058252586
 1.001371702907264 1.001472248294537
 0.2403952462117123 1.001472248294537
 1.001307325198615 0.1071238058252586
 1.001023060742208 1.001472248294537
 0.4855570631344475 1.001472248294537
 1.001124767824295 0.1071238058252586
 1.000929734592314 0.1071238058252586
 1.001472248294537 1.001472248294537
 1.001318408279857 1.001472248294537
 0.4262764422905216 1.001472248294537
 1.001200464573077 0.1071238058252586
 1.001243703996614 1.001472248294537
 1.000945541718609 1.001472248294537
 1.001437010899474 1.001472248294537
 1.001145531740114 1.001472248294537
 1.001472248294537 1.001472248294537
 0.425917896968141 1.001472248294537
 1.001386285355869 1.001472248294537
 0.1073791418962346 1.001472248294537
 1.001472248294537 1.001472248294537
 0.4261999290119277 0.1281899853097885
 0.1277969674302099 1.001472248294537
 0.4261501751377081 0.425966786421403
 0.519248102433746 1.001472248294537
 0.4263048271246647 1.001472248294537
 1.000964483430102 0.1071238058252586
 0.4254574483745213 1.001472248294537
 0.1070932958257903 0.5194752390158706
 1.001193428980742 0.5194752390158706
 0.1071213627713572 0.5194752390158706


