# Created by Octave 4.0.0, Thu Apr 26 09:55:45 2018 CEST <olethros@olethros-OptiPlex-9010>
# name: PU
# type: matrix
# rows: 100
# columns: 2
 0.4990870509395131 0.4999999999999999
 0.4858337627078866 0.4824257905952626
 0.4941120619998737 0.4864678925572042
 0.5127238873928445 0.568901668884244
 0.4929378819400188 0.4772854003571255
 0.5082863199297007 0.4571802013765314
 0.4980022635103388 0.4612950772490645
 0.5515447757180054 0.6058007799554661
 0.5627203691977982 0.624320183077227
 0.6051542971528582 0.6715365053025513
 0.6600044057764698 0.6622856246827382
 0.6640187491554607 0.6621665975909511
 0.6881815764788465 0.693005729129885
 0.703119416223539 0.7080286262946061
 0.7002747069449489 0.7094598954891009
 0.6987054170758513 0.713445749223022
 0.6782073960558486 0.6684930075350385
 0.6880510256295667 0.6798198674429407
 0.6600172577985265 0.6926979390687519
 0.6674763468541705 0.696708439881083
 0.6548464264555081 0.7081479354253815
 0.6531682562510104 0.7111590893738292
 0.6369016806962812 0.6096503240393498
 0.6249413283400528 0.6091167025398921
 0.6201200835081864 0.6257883832133195
 0.6257026973289316 0.6215127530788214
 0.6824726009297696 0.6618771726815651
 0.6765680137703765 0.6618771726815651
 0.6734875966484687 0.6623200536933913
 0.6633509347943947 0.6618771726815651
 0.6601310270172316 0.6618771726815651
 0.6606129647008413 0.6618771726815651
 0.6587998936569465 0.6618771726815651
 0.6624108682475145 0.6618771726815651
 0.6613645814123741 0.6618771726815651
 0.6587864633417078 0.6590542760320637
 0.652893071851497 0.6612553628661549
 0.6563759595419788 0.6605388340312297
 0.6607179079041809 0.6606776595088321
 0.6616266484635807 0.6590542760320637
 0.6588998389381374 0.6590542760320637
 0.6469657195394281 0.6590542760320637
 0.6490355180046641 0.6590542760320637
 0.6587247441924292 0.6591724601785016
 0.6658682469392398 0.659256049490926
 0.6551368394402642 0.6603095189413462
 0.6617120555744151 0.6608112207547147
 0.6855482538812442 0.6761514748086392
 0.6911500360185004 0.6844448145625808
 0.6828486281533543 0.6744179780655084
 0.6819297851158154 0.6677468960654551
 0.6845986101512247 0.6724201993664318
 0.6848319952720915 0.6729622670082699
 0.6779021595650697 0.662068457923905
 0.679751111317672 0.6638067098845369
 0.6946461370639437 0.6939361162013808
 0.6891083335921995 0.6948475816350737
 0.6873878995084242 0.7094837202767043
 0.6815853723297214 0.6986459302975939
 0.7047657859698216 0.7079090104958292
 0.7086595258806255 0.7162982702349971
 0.7144593924110372 0.7179852016399371
 0.7125177288310844 0.7183220041748665
 0.7133730169871497 0.716158983662323
 0.7130827183973517 0.7152175240488651
 0.7164970428931489 0.7207093590235027
 0.7155915652706532 0.7202979351521979
 0.7155272139419522 0.72088134452884
 0.716990862514238 0.7211017411494064
 0.7153896224879902 0.7210454317069532
 0.7171478409249841 0.7207843197540129
 0.7160827530834577 0.7215581108532285
 0.7162460735829974 0.7213566678295582
 0.7143599135104655 0.7209919222360998
 0.7181792100588382 0.7219638012390548
 0.7150319720028552 0.7218482676467042
 0.7223802294580834 0.7225319957812941
 0.7224605277480949 0.7225319957812941
 0.7219114154005355 0.7225319957812941
 0.7222851209858338 0.7225319957812941
 0.7218820502183215 0.7225319957812941
 0.7213414342251324 0.7225319957812941
 0.722412766543595 0.7225319957812941
 0.7224994450144283 0.7225319957812941
 0.7222207977251974 0.7225319957812941
 0.7220439581789914 0.7225319957812941
 0.7225319957812941 0.7225319957812941
 0.7224752820604561 0.7225319957812941
 0.7225357299975004 0.7225319957812941
 0.722542442597274 0.7225319957812941
 0.7222854428689236 0.7225319957812941
 0.7225331687633646 0.7225319957812941
 0.7217653853709193 0.7225319957812941
 0.7225636040921625 0.7225319957812941
 0.7225319957812941 0.7225319957812941
 0.7225319957812941 0.7225319957812941
 0.7224816264724901 0.7225319957812941
 0.7225319957812941 0.7225319957812941
 0.7224658398047168 0.7225319957812941
 0.7224089428953946 0.7225319957812941


# name: PF
# type: matrix
# rows: 100
# columns: 2
 0.009453869714633713 1.040834085586084e-16
 0.04523334519955059 0.06202364446317923
 0.6170077264647614 0.7345188709223455
 0.5466631374936901 1.134272082518968
 0.4769674904257398 1.155306245396168
 0.4044337951981525 1.117075103010155
 0.3409943268261902 1.039681505041498
 0.4524957001334119 0.7755822140285187
 0.5395020023411308 0.5192232793209
 0.7010471364594418 0.8430163303174605
 0.7454440334593166 0.7868033354930811
 0.7003836865540021 0.6345426860561925
 0.328554084723287 0.3650997767607231
 0.1880331329480774 0.1798037767943588
 0.196925687574232 0.1483680667527403
 0.3096996895439859 0.1618587025398372
 0.604716120541599 0.9641293875084436
 0.5932982848486463 0.8763557580600174
 0.5869279633621209 0.6243994653556706
 0.5413850577202814 0.545935006861943
 0.3795499778442096 0.3221241001131024
 0.3780929787448244 0.2632116163455528
 0.7028147916083713 1.209505105899247
 0.6935037738706609 1.154137388893955
 1.04965423558835 1.2246740813516
 0.9146570966596785 1.224351109276882
 0.7881318156906894 1.227400152326391
 0.8190693400690225 1.227400152326391
 0.9353715854446414 1.209776129766999
 0.8622967914151043 1.227400152326391
 1.15492030465328 1.227400152326391
 1.171913660484905 1.227400152326391
 1.22447678883375 1.227400152326391
 1.215970520251393 1.227400152326391
 1.227092823584057 1.227400152326391
 1.082674708372106 1.082417587511236
 1.179670774997613 1.195464310154727
 1.157726683444181 1.158663746354478
 1.17252167104117 1.16579375368508
 1.064456175952535 1.082417587511236
 1.127955092900086 1.082417587511236
 1.064176257715573 1.082417587511236
 1.039092862520463 1.082417587511236
 1.045458955864659 1.088487466362125
 1.06514377607088 1.092780571782247
 1.115011408246036 1.146886237642632
 1.133430523504662 1.172653392698572
 0.681506026203345 0.84983484724805
 0.6479027923200185 0.785869809225674
 0.7658100171579624 0.9820423903978046
 0.8092211214423115 1.089586498221263
 0.7514540315674334 1.021128437539693
 0.7629338281910403 1.010523017924012
 0.8699970538121167 1.223657703774356
 0.8647932071992053 1.189649233211955
 0.5459347263054302 0.6001748353712217
 0.5442914264868737 0.5823422391352221
 0.3223787224120306 0.2959897992046205
 0.3282689777050291 0.3642984377560716
 0.3709159028956296 0.3267986073866892
 0.2343163472243673 0.1626648112849431
 0.1977089853747248 0.1296604147273629
 0.2365182579628526 0.1230709562633981
 0.2193762183171769 0.165389918699638
 0.2255762893037453 0.1838093436593742
 0.1567245561287748 0.07636294791325536
 0.1721515998513854 0.08441235440485056
 0.177561114396154 0.07299809395198278
 0.1491144142920086 0.06868608847041893
 0.180442280176416 0.06978776881332874
 0.1455236378946761 0.07489635972314965
 0.1658428206884722 0.05975732785946369
 0.1628906516038157 0.06369851089601308
 0.2005882821618004 0.07083466840300026
 0.1258646878980604 0.05182009559607626
 0.1870726585367904 0.05408048181361697
 0.04308587382074699 0.04070350962286903
 0.04210176405217805 0.04070350962286903
 0.04939256992721967 0.04070350962286903
 0.04553355406070831 0.04070350962286903
 0.05341953413837125 0.04070350962286903
 0.06399655260654027 0.04070350962286903
 0.04303620022946673 0.04070350962286903
 0.04134035734219192 0.04070350962286903
 0.04650956322642778 0.04070350962286903
 0.05025184485110844 0.04070350962286903
 0.04070350962286903 0.04070350962286903
 0.04131670492847649 0.04070350962286903
 0.04055491009183639 0.04070350962286903
 0.04028778866038357 0.04070350962286903
 0.04545051264354884 0.04070350962286903
 0.0406568319331051 0.04070350962286903
 0.04179434454569297 0.04070350962286903
 0.03942984181058624 0.04070350962286903
 0.04070350962286903 0.04070350962286903
 0.04070350962286903 0.04070350962286903
 0.04168897271711861 0.04070350962286903
 0.04070350962286903 0.04070350962286903
 0.04199783497552791 0.04070350962286903
 0.04311100896272857 0.04070350962286903


