# Created by Octave 4.0.0, Fri Apr 27 19:07:48 2018 CEST <olethros@olethros-OptiPlex-9010>
# name: PU
# type: matrix
# rows: 100
# columns: 2
 0.4743073433410117 0.5
 0.4664915832245168 0.4570408860583822
 0.541758150792385 0.5557463479366946
 0.541825608308915 0.5631208709111448
 0.5002805858146204 0.5036245800362624
 0.505114215758359 0.556925749777106
 0.5040712530693264 0.5034435655098407
 0.4553420955966859 0.4792815540225526
 0.4518137384663576 0.4602481244745638
 0.4493744635338165 0.4488269407138168
 0.5370035723396033 0.4653475538096079
 0.4685984350884066 0.4653475538096079
 0.4744592766321094 0.4653475538096079
 0.4655748249716447 0.4653475538096079
 0.4251266937074945 0.4653475538096079
 0.4281580737716729 0.4248047169538181
 0.4295854407736732 0.4248047169538181
 0.4891406792623845 0.4870833388801455
 0.4871400863234872 0.4786301160232276
 0.5503321693455804 0.5723866129328185
 0.5528508294385983 0.618234040986931
 0.520826777842872 0.5830567175995833
 0.520765468850197 0.5207780956732559
 0.5569982060798883 0.5207780956732559
 0.5470675112895137 0.5613209325290457
 0.5208415610541146 0.5207780956732559
 0.5714985301739424 0.564918419269181
 0.5714738902318466 0.5207780956732559
 0.5544380687226402 0.5551918182251265
 0.557193140413804 0.5042574825774648
 0.5756353257652705 0.5899830467309204
 0.5949596959810921 0.5825190460053836
 0.5042436834535975 0.5042574825774648
 0.5540290480336245 0.586520521393922
 0.5956570712102396 0.5957346550809163
 0.5958583842454021 0.5957346550809163
 0.504303246942118 0.5042574825774648
 0.5055145359228153 0.5042574825774648
 0.5051607066887577 0.579603460183681
 0.5631803440360754 0.6174704401514539
 0.5691111003874361 0.5717124313209176
 0.5717177522832627 0.5934482163914552
 0.5717124313209176 0.5717124313209176
 0.571695839255609 0.5934482163914552
 0.5555774774885235 0.5709816645804275
 0.5713302043035849 0.5649578874646091
 0.5701394991827279 0.5717124313209176
 0.5711268234958763 0.5717124313209176
 0.5956764215276951 0.5957346550809163
 0.5983543706161294 0.5717124313209176
 0.5958208561196375 0.5717124313209176
 0.5717795300383146 0.6174704401514539
 0.5631438808252555 0.5717124313209176
 0.5958618054301124 0.5957346550809163
 0.6174623414823167 0.5717124313209176
 0.6117345160292481 0.633991053247245
 0.5717499462934408 0.5207780956732559
 0.6312271675469942 0.633991053247245
 0.5621707981034082 0.6122552681767074
 0.6335101535518026 0.633991053247245
 0.6310304951049197 0.633991053247245
 0.6337986224969168 0.5717124313209176
 0.5717534042476168 0.5934482163914552
 0.6610587224955354 0.5717124313209176
 0.6338109464989865 0.633991053247245
 0.6204116534784864 0.5717124313209176
 0.5934395728428932 0.633991053247245
 0.6338625171770498 0.6205322904478012
 0.6339010829114401 0.633991053247245
 0.5948279102748565 0.6205322904478012
 0.6205775785031008 0.5700431879979638
 0.620452593847303 0.6205322904478012
 0.6205855727859052 0.6174704401514539
 0.5942746816031802 0.633991053247245
 0.6338959526858832 0.633991053247245
 0.660722805657427 0.633991053247245
 0.6583225839585625 0.633991053247245
 0.6610246905832717 0.5934482163914552
 0.6201761656800662 0.633991053247245
 0.5708210298179802 0.5934482163914552
 0.6338639355854557 0.633991053247245
 0.5933630124922974 0.633991053247245
 0.6339730150022095 0.6610751273035911
 0.633991053247245 0.6610751273035911
 0.6339825396867167 0.633991053247245
 0.6339669794006166 0.633991053247245
 0.6339472715597455 0.633991053247245
 0.6610751273035911 0.6610751273035911
 0.6339667010272517 0.633991053247245
 0.633991053247245 0.633991053247245
 0.6339868403387801 0.633991053247245
 0.6610242983372869 0.633991053247245
 0.6339478706155167 0.6610751273035911
 0.6339696474028553 0.633991053247245
 0.6339909677861008 0.633991053247245
 0.6606517107309239 0.633991053247245
 0.6609347327094501 0.633991053247245
 0.6339785318055587 0.633991053247245
 0.6339593239965792 0.633991053247245
 0.633991053247245 0.6610751273035911


# name: PF
# type: matrix
# rows: 100
# columns: 2
 0.4804097822667582 2.758210326803123e-16
 1.101235695473767 0.5887770556902134
 1.091573577648181 0.2922299073030196
 0.2085235785546962 0.9498672247360703
 0.2974503118809902 0.6939938440735111
 0.1267282420003427 0.3292850043949729
 0.2111629840377893 0.6194636876004828
 0.696140478617516 0.870369738630391
 0.7161393600019417 0.8022892210053629
 0.7384382008553405 0.7384121133869775
 0.9527388206041971 0.7675738710383115
 0.7885437915905711 0.7675738710383115
 0.8269079959793392 0.7675738710383115
 0.7649884523442331 0.7675738710383115
 1.025999798706612 0.7675738710383115
 1.050141596790566 1.028630418650132
 1.059814289765793 1.028630418650132
 1.136051587512022 1.143830746574855
 1.142958655213944 1.05235604831692
 0.7641979048893153 0.1465181022159739
 1.393015198601684 0.3758457009510865
 1.651900445088222 1.208744407339366
 1.652358127048156 1.652440199137581
 1.406816551205762 1.652440199137581
 1.477144633341237 1.391383651525759
 1.651505948441094 1.652440199137581
 0.8898665371092781 0.4606721611398458
 0.9060360088927913 1.652440199137581
 0.8664793054962542 0.8734926856918919
 0.876788516572046 1.623278441486246
 0.4282410408380773 0.5601525702517096
 0.6095494051314099 0.4923029246469605
 1.622289250925225 1.623278441486246
 0.8528578221266241 0.5286773432720242
 0.6138932444862456 0.6124361380800708
 0.612654541591382 0.6124361380800708
 1.623359223555492 1.623278441486246
 1.623325027251562 1.623278441486246
 1.624191061771347 0.6955767946659135
 0.9606178375727065 0.6997991270348209
 0.8976193220288915 0.9026544433432258
 0.9026097329019928 0.7200151991568323
 0.9026544433432258 0.9026544433432258
 0.9028738529560958 0.7200151991568323
 0.8737074902757089 0.9013645128508001
 0.902015534526207 0.8907314977575588
 0.8995746278425355 0.9026544433432258
 0.9015029049475632 0.9026544433432258
 0.612811105683181 0.6124361380800708
 0.609246493456981 0.9026544433432258
 0.6117427243117597 0.9026544433432258
 0.9020897441103871 0.6997991270348209
 0.8873565433398938 0.9026544433432258
 0.6121307409945416 0.6124361380800708
 0.6997961048440566 0.9026544433432258
 0.6449510344932711 0.5463567552975642
 0.9023392163475101 1.652440199137581
 0.5583990930566668 0.5463567552975642
 1.378200864710451 0.6415978957314049
 0.5383584842950299 0.5463567552975642
 0.4837488091648254 0.5463567552975642
 0.5415073772982479 0.9026544433432258
 0.9021084347660158 0.7200151991568323
 0.62382750992133 0.9026544433432258
 0.5448202278972285 0.5463567552975642
 0.3581612191357497 0.9026544433432258
 0.7199366271244502 0.5463567552975642
 0.5468126693649107 0.3627745153284158
 0.547152675674494 0.5463567552975642
 0.6948009265033046 0.3627745153284158
 0.3630661264805071 0.8217331668734268
 0.3598290810726195 0.3627745153284158
 0.3633520141955391 0.6997991270348209
 0.7147370789245842 0.5463567552975642
 0.5472511023810542 0.5463567552975642
 0.622350542372193 0.5463567552975642
 0.6439460274574456 0.5463567552975642
 0.6236214297635814 0.7200151991568323
 0.3660117791190305 0.5463567552975642
 0.8146623889132769 0.7200151991568323
 0.5473751530914175 0.5463567552975642
 0.7212416383797851 0.5463567552975642
 0.5460947976837043 0.6238310629402368
 0.5463567552975642 0.6238310629402368
 0.5464107630862235 0.5463567552975642
 0.546586187663709 0.5463567552975642
 0.5457209425360934 0.5463567552975642
 0.6238310629402368 0.6238310629402368
 0.5462192919964879 0.5463567552975642
 0.5463567552975642 0.5463567552975642
 0.5463958845152899 0.5463567552975642
 0.6224045543845966 0.5463567552975642
 0.5454346101867611 0.6238310629402368
 0.5464925483439664 0.5463567552975642
 0.5463555142013615 0.5463567552975642
 0.6116667531738027 0.5463567552975642
 0.6200963677244294 0.5463567552975642
 0.5462212572609695 0.5463567552975642
 0.5458959721793845 0.5463567552975642
 0.5463567552975642 0.6238310629402368


