# Created by Octave 4.0.0, Fri Apr 27 18:05:14 2018 CEST <olethros@olethros-OptiPlex-9010>
# name: PU
# type: matrix
# rows: 100
# columns: 2
 0.6012262588735385 0.555361388883773
 0.6176366508157241 0.3734990681746895
 0.5488828271534052 0.6265009318253103
 0.4522144900520658 0.6272009128341807
 0.3966611903364844 0.6085445857492408
 0.5433190085754517 0.3888552759072438
 0.596932983666919 0.3888552759072438
 0.3821440387140105 0.4055496814839205
 0.382155162050852 0.5944503185160792
 0.6331890948368631 0.4055496814839205
 0.5591968730761114 0.3819255181536812
 0.5905059439790166 0.5360710331995591
 0.5614690151966865 0.5360710331995591
 0.6180504867505473 0.4639289668004408
 0.4356632328179012 0.564284879664672
 0.6189648359168396 0.4357151203353279
 0.5632249817646618 0.3804288259282521
 0.4697605208675946 0.6195711740717478
 0.4085369592476934 0.564284879664672
 0.4357166745812242 0.4639289668004408
 0.5947116335006982 0.5124957139547488
 0.4322836324424966 0.4322179916381753
 0.487132425787164 0.4322179916381753
 0.5677697293653099 0.4322179916381753
 0.4322671659507383 0.5677820083618246
 0.5679292409757306 0.4322179916381753
 0.5678287087779689 0.5638031480004976
 0.5130523716486524 0.5677820083618246
 0.5861382068728291 0.3611056662832463
 0.4134537196807009 0.6416498010911291
 0.641585406443526 0.3583501989088709
 0.5661092844435914 0.4875042860452511
 0.5672173779591486 0.4875042860452511
 0.4869368995945954 0.4875042860452511
 0.4895450355510866 0.5124957139547488
 0.4344562652425069 0.4875042860452511
 0.4870230945911865 0.4875042860452511
 0.4329440317863796 0.5124957139547488
 0.4871933275516527 0.4875042860452511
 0.5136056093440999 0.4875042860452511
 0.5127329286293362 0.5124957139547488
 0.5126656750638802 0.4875042860452511
 0.5125513852067289 0.5124957139547488
 0.5663015359790193 0.5124957139547488
 0.4323657426071066 0.5677820083618246
 0.432878691529791 0.5677820083618246
 0.586221354196826 0.4136364933159467
 0.5855199240135316 0.4136364933159467
 0.4136773646640102 0.4136364933159467
 0.5678069490860318 0.5677820083618246
 0.4322237442241427 0.5472036334674782
 0.5675097348395731 0.4322179916381753
 0.5670689352908539 0.5677820083618246
 0.4344298639677403 0.4322179916381753
 0.4323831458623871 0.5922898144261237
 0.5848683658664098 0.4136364933159467
 0.5119943816647969 0.6416498010911291
 0.4137217352636537 0.4136364933159467
 0.4873389466514726 0.5677820083618246
 0.6415644839099381 0.4823772102211587
 0.4182442895113068 0.5325741606275183
 0.512748266669555 0.3804231707363233
 0.4880946695606963 0.3583501989088709
 0.5124957139547488 0.4322179916381753
 0.4321236334820504 0.5677820083618246
 0.4875242878319808 0.4875042860452511
 0.5678456152821965 0.4875042860452511
 0.5126488042316055 0.4875042860452511
 0.3592857389758312 0.6416498010911291
 0.358440137516898 0.3583501989088709
 0.5119192179729865 0.5677820083618246
 0.4874917847201705 0.5863635066840531
 0.5120395381836811 0.4875042860452511
 0.5670703665248467 0.4875042860452511
 0.4880725823279177 0.4322179916381753
 0.4324144619215407 0.4639289668004408
 0.4640284405548918 0.5360710331995591
 0.5361437609192408 0.5360710331995591
 0.4639593225908861 0.5360710331995591
 0.4322145793158176 0.4639289668004408
 0.5332889341099275 0.4639289668004408
 0.4639226099798697 0.4639289668004408
 0.5360039239202317 0.4764633206848296
 0.4803058005374199 0.4639289668004408
 0.5360135394481917 0.5360710331995591
 0.5351033901888381 0.4697337901009333
 0.5126087368360396 0.5320730889425277
 0.4639289668004408 0.5283210595562693
 0.4876745797136951 0.4859405466887818
 0.5358492783079378 0.4639289668004408
 0.4639289668004408 0.5360710331995591
 0.5360710331995591 0.5360710331995591
 0.4638906144522796 0.4639289668004408
 0.4639659309356467 0.5360710331995591
 0.5360710331995591 0.4639289668004408
 0.5322245079707625 0.4639289668004408
 0.4639064465543301 0.4639289668004408
 0.4639289668004408 0.4639289668004408
 0.5360618832353302 0.4639289668004408
 0.5359564440646865 0.4639289668004408


# name: PF
# type: matrix
# rows: 100
# columns: 2
 0.2656884018538716 0.4371924109821677
 0.9942310594208452 0.2154505474769176
 0.4471610941735132 0.2154505474769176
 0.7949364414607969 0.1990883858067194
 0.859682130814992 0.7716826487986878
 1.042336187051782 0.8520051709758959
 1.068090340246916 0.8520051709758959
 1.182776144712345 0.9978258320210964
 1.176445670514794 0.9978258320210964
 0.8277743558343484 0.9978258320210964
 1.192764255208835 1.184727129536684
 0.9513746553646848 1.379423745461453
 0.745237707537671 1.379423745461453
 0.9948013385532329 1.379423745461453
 0.964711674951877 0.967823800364648
 1.011798990749226 0.967823800364648
 0.9675160636312172 1.013790509677536
 0.8045977047554727 1.013790509677536
 0.9597593872194615 0.967823800364648
 0.9692016979795555 1.379423745461453
 1.079081674248047 1.38079719799441
 1.030340213061276 1.031139593577657
 1.378376625661761 1.031139593577657
 1.031037746585254 1.031139593577657
 1.03090119410624 1.031139593577657
 1.031165196563209 1.031139593577657
 1.030235021264115 1.002158973909947
 1.376362917128779 1.031139593577657
 0.8151786268361111 1.164150797870341
 0.8120982348258461 1.18610058206964
 1.185605983260031 1.18610058206964
 1.025813232107959 1.38079719799441
 1.027402687967766 1.38079719799441
 1.376365897661859 1.38079719799441
 1.377403006342037 1.38079719799441
 1.021564738790703 1.38079719799441
 1.375421069534534 1.38079719799441
 1.028709195571379 1.38079719799441
 1.37838143780878 1.38079719799441
 1.371615091724315 1.38079719799441
 1.380754720059541 1.38079719799441
 1.380009931610246 1.38079719799441
 1.38079395469487 1.38079719799441
 1.025932617414309 1.38079719799441
 1.02846658908015 1.031139593577657
 1.026962081413308 1.031139593577657
 0.815887733887336 0.8156890461007391
 0.8166962079172868 0.8156890461007391
 0.8146517715376591 0.8156890461007391
 1.031063706993363 1.031139593577657
 1.031097693764422 1.104317298288188
 1.030295302451523 1.031139593577657
 1.029344418015786 1.031139593577657
 1.0280480400919 1.031139593577657
 1.030874075549643 0.8984633846636201
 0.8174220031788078 0.8156890461007391
 1.38016398008808 1.18610058206964
 0.8154296823310146 0.8156890461007391
 1.380133778518676 1.031139593577657
 1.185588700105009 0.961031610860795
 0.8211773126620751 0.9819292739158582
 1.378785387714783 1.21398029635733
 1.379917233639714 1.18610058206964
 1.38079719799441 1.031139593577657
 1.030852492124263 1.031139593577657
 1.380495779935288 1.38079719799441
 1.030873104695998 1.38079719799441
 1.379944748116633 1.38079719799441
 1.187199826221974 1.18610058206964
 1.185389037609757 1.18610058206964
 1.379989730524295 1.031139593577657
 1.380796469691373 0.8156890461007391
 1.379699796672623 1.38079719799441
 1.029802380437496 1.38079719799441
 1.379921702436445 1.031139593577657
 1.029569712741083 1.379423745461453
 1.37884577293837 1.379423745461453
 1.378763313745169 1.379423745461453
 1.379425513931133 1.379423745461453
 1.031059830027816 1.379423745461453
 1.37844377558489 1.379423745461453
 1.379250979652049 1.379423745461453
 1.379427655118358 1.380153972692428
 1.379109589314246 1.379423745461453
 1.379351126813906 1.379423745461453
 1.378355425423453 1.379761923247409
 1.380721377545854 1.379656657966663
 1.379423745461453 1.379875243946805
 1.380010406580956 1.380706097561888
 1.379143653452609 1.379423745461453
 1.379423745461453 1.379423745461453
 1.379423745461453 1.379423745461453
 1.378948851388388 1.379423745461453
 1.379425898920526 1.379423745461453
 1.379423745461453 1.379423745461453
 1.37964783658674 1.379423745461453
 1.37919098321391 1.379423745461453
 1.379423745461453 1.379423745461453
 1.379424278520684 1.379423745461453
 1.379326295588618 1.379423745461453


