# Created by Octave 4.0.0, Thu Apr 26 10:02:51 2018 CEST <olethros@olethros-OptiPlex-9010>
# name: PU
# type: matrix
# rows: 100
# columns: 2
 0.5162135004941434 0.5
 0.4430099553879556 0.4393426462493206
 0.4378418760478331 0.5827862323972061
 0.5054028448554769 0.6212850228832205
 0.4906710959358446 0.6200744671927246
 0.6034691469818871 0.6079731019604003
 0.6073487011216395 0.5828976393006345
 0.5838245035930373 0.6200744671927246
 0.5875888877688964 0.5903014815461715
 0.5990629119169192 0.5901164000774425
 0.6018384100352815 0.5965024578638177
 0.5965489063994097 0.5801094075278566
 0.5910950783147392 0.575516240804962
 0.6019646064228533 0.631687160585228
 0.5975324524643225 0.6243626709373286
 0.6065932445526282 0.6108166459078076
 0.6098841110000174 0.5929149892627023
 0.596567724725779 0.6187189460437853
 0.5976782143571142 0.5806929607245149
 0.5842322726008495 0.5923022079336336
 0.5964507793158277 0.5798115903696592
 0.5631129349335792 0.5611620135723727
 0.5691972957198244 0.5663396377611459
 0.5650735997406959 0.5643041079475891
 0.5812811011855851 0.5824109606483934
 0.5796268061183416 0.578199666599071
 0.5751061897233087 0.5769832173436823
 0.577063475559582 0.5773482440917206
 0.5769408504053182 0.5771721101289016
 0.5763672946418957 0.5770670385891475
 0.5767777518624561 0.5771243550629442
 0.5766577543121649 0.5770758084164815
 0.5765552692147309 0.5772097441091458
 0.5769479525567763 0.5773109843122969
 0.5759515279188371 0.5772631228575914
 0.5768454926535723 0.5774017624499209
 0.5768007895146023 0.5772925232894877
 0.5770706574072215 0.5773511325465454
 0.5770107356646529 0.5772495535613686
 0.5780514653049333 0.5770827220674798
 0.5768384902308802 0.5770358795358907
 0.5769705672654104 0.5771383990657516
 0.5777457700232469 0.5772009699287611
 0.5829208133394825 0.5941553963807358
 0.5872584372489029 0.5774837068086566
 0.5509808242482382 0.5375643443146704
 0.5508221570487376 0.5390305246943934
 0.5495619318669224 0.5371042936944791
 0.5779773540155323 0.5772334287812056
 0.5778042411356819 0.5771479893032845
 0.593228511665875 0.577012339010305
 0.5918356812603702 0.5771127166380408
 0.5999069134915868 0.5793240728252185
 0.6363317077333016 0.6515600101114886
 0.6398141239481303 0.6515600101114886
 0.6512168472406015 0.6515600101114886
 0.6554744317244834 0.6515600101114886
 0.6528005933387434 0.6515600101114886
 0.6520296838369063 0.6515600101114886
 0.6511988520024139 0.6515600101114886
 0.6515379866326885 0.6515330967791715
 0.6514637839585333 0.6515600101114886
 0.6536812275774282 0.6515600101114886
 0.6362182926077469 0.6515600101114886
 0.6385397357356776 0.6515600101114886
 0.6199890968070503 0.6264964595947309
 0.617329135511774 0.6280796580125766
 0.6165645888761739 0.6274080586780523
 0.6088267337616676 0.621053177972979
 0.6374085903982336 0.6515600101114886
 0.6304192627186858 0.6515600101114886
 0.6356922501201629 0.6515600101114886
 0.6350647154743918 0.651557922188067
 0.630866357099183 0.6515325331367221
 0.6251944687607274 0.6514012810475797
 0.6317283375724746 0.6514889463819656
 0.640411193273709 0.6515600101114886
 0.63850551141402 0.6515600101114886
 0.6426861851936557 0.6515600101114886
 0.6475759012392733 0.6515600101114886
 0.6481356941694344 0.6515600101114886
 0.6732157052552997 0.6787996029022176
 0.626841350917078 0.63804905830571
 0.6214690073514795 0.6568390330892468
 0.6256193382232793 0.6197358204425891
 0.6631058405511105 0.6720822463987516
 0.6663220949918485 0.6760511674456677
 0.6371859457502034 0.6515600101114886
 0.6378826461987165 0.6515600101114886
 0.6380298999292462 0.6515600101114886
 0.6515497792086534 0.6515600101114886
 0.6525538369747476 0.6515600101114886
 0.6518106338750698 0.6515600101114886
 0.6514294927553045 0.6515600101114886
 0.6516206539965621 0.6515600101114886
 0.6514305911568721 0.6515600101114886
 0.6528820122497506 0.6515600101114886
 0.6537384352577496 0.6515600101114886
 0.6535963053304409 0.6515600101114886
 0.6518973169619259 0.6515600101114886


# name: PF
# type: matrix
# rows: 100
# columns: 2
 0.04185327228415659 2.844946500601964e-16
 0.055734059402693 0.0205552557780476
 0.01418596861395263 0.5218037750816525
 0.1856705346592279 0.5606338690859034
 0.03168406461294913 0.2257696261292292
 0.3093971055065696 0.2694905596813493
 0.2535356861884467 0.3022079219895914
 0.3206726275240568 0.2257696261292292
 0.3854945588111239 0.3813643514808021
 0.4991809192835364 0.294723502273872
 0.4661678555076941 0.5107803239777652
 0.4263014348260315 0.5371231995047561
 0.4535118259071705 0.4323044042104157
 0.6780833245851601 0.9301483555388947
 0.7126835139115942 0.9599663021410729
 0.7028317257470196 0.9752949287785178
 0.7534900505424529 0.9970631047945232
 0.7639747799385233 0.9586741511367131
 0.784142080232919 1.008208102421279
 0.4849758606552577 0.7149195918505495
 0.4746041689718322 0.7337123461309564
 0.5053154443993547 0.4916018966643574
 0.6229582102031427 0.5488084322953455
 0.5461240222029508 0.5617706798833469
 0.7596903978658337 0.8002415198347776
 0.7643389756722415 0.8367383798321617
 0.7580495769292085 0.8284630951553027
 0.9185227515495908 0.977542880695102
 0.8471366268638219 0.905608389470959
 0.8197117246033823 0.8626963489231385
 0.8544262698010917 0.8861048461563357
 0.828037633622284 0.8662780151577286
 0.8508028019158256 0.9209784020357356
 0.9013342158783372 0.962325694679014
 0.8927087139438995 0.9427787013656067
 0.9073322406826899 0.9994001977432894
 0.903882493021777 0.9547860682378269
 0.8966248952508338 0.9787225482896984
 0.9047021939844996 0.9372368944111965
 0.7956572418920587 0.8691016044252209
 0.8200371694205252 0.8499707473004861
 0.8232173729571326 0.8918405270013599
 0.8288670423864583 0.9173949579810871
 0.71941012879176 0.6373294648780506
 0.7227850493833234 0.7384455134318578
 0.5851819972898409 0.4668435400317317
 0.5734427160739863 0.468214524221076
 0.5397768040053978 0.5403244077708333
 0.8567207073373928 0.9306514077818615
 0.8342082935123191 0.895757255192794
 0.8277574542883998 0.8403566121044345
 0.8439719387258323 0.881351622185887
 0.8916352886305023 0.9090412594861789
 0.931211057155132 0.925527525996893
 0.936954407468253 0.925527525996893
 0.9226733327353274 0.925527525996893
 0.8987097826123014 0.925527525996893
 0.8751538725758516 0.925527525996893
 0.8611508075821822 0.925527525996893
 0.8528075212281681 0.925527525996893
 0.8343562799164511 0.9145359100905246
 0.8688527326268303 0.925527525996893
 0.8901579518630149 0.925527525996893
 0.9259205117933584 0.925527525996893
 0.917408698187394 0.925527525996893
 0.900540288731983 0.9572643808449968
 0.9354572867115052 0.9552596473835776
 0.9074739797330132 0.9561100636317317
 0.8550655404875984 0.9266130394797704
 0.8765053075398533 0.925527525996893
 0.8604942544805522 0.925527525996893
 0.8479242927406695 0.925527525996893
 0.8284612747496576 0.9246748017031577
 0.8296655409225113 0.9143057140954461
 0.7772713849357132 0.860701331933986
 0.8327852917865191 0.8965045417529318
 0.8684256460660918 0.925527525996893
 0.8992821677301912 0.925527525996893
 0.8987867845525745 0.925527525996893
 0.9159232756044516 0.925527525996893
 0.9203789549426835 0.925527525996893
 0.8843254881719064 0.9083113917634933
 0.8747929470772847 0.8722445058529021
 0.8401348233336484 0.87841686472851
 0.862094748690743 0.8517823993289722
 0.8678427468699257 0.9048731326177316
 0.906776963478668 0.9137272316032065
 0.9390931107605958 0.925527525996893
 0.9417930381442889 0.925527525996893
 0.9352563351901325 0.925527525996893
 0.9253547620839402 0.925527525996893
 0.9196918744613155 0.925527525996893
 0.925431441463307 0.925527525996893
 0.917252182596919 0.925527525996893
 0.9243973268073544 0.925527525996893
 0.924428668622436 0.925527525996893
 0.9266041583555737 0.925527525996893
 0.9224056038154679 0.925527525996893
 0.9261315125249738 0.925527525996893
 0.9248981028528039 0.925527525996893


