# Created by Octave 4.0.0, Fri Apr 27 19:39:24 2018 CEST <olethros@olethros-OptiPlex-9010>
# name: PU
# type: matrix
# rows: 100
# columns: 2
 0.4418180255722277 0.5
 0.5143053109093277 0.6218330281621822
 0.6585702444540419 0.6585472593516264
 0.6413700273023157 0.6511199758414078
 0.5595300645535076 0.5829955242694098
 0.6594453368783736 0.6595019499980215
 0.5881252377255134 0.6490195919000886
 0.6674369689031469 0.5257592069489708
 0.6441254356173652 0.6441034864802339
 0.6647925265742812 0.7689920275421339
 0.7582886691907375 0.7767919889706767
 0.7674739230436544 0.7767919889706767
 0.4361444072705258 0.700285563242065
 0.7001518442827713 0.700285563242065
 0.7001143460426607 0.6909540958708998
 0.6906719250790194 0.6909540958708998
 0.6909548629023841 0.6909540958708998
 0.7674296400321453 0.7674605215995115
 0.6349242373511441 0.6255744961843301
 0.7674591709068995 0.7674605215995115
 0.7628102065247895 0.7674605215995115
 0.6675632686597132 0.445475874641691
 0.6672754174891954 0.445475874641691
 0.4452878594712137 0.7674605215995115
 0.7673366344908416 0.7674605215995115
 0.4418326163961408 0.445475874641691
 0.7673782515190766 0.7674605215995115
 0.4407278755602914 0.445475874641691
 0.7674604016916381 0.7674605215995115
 0.4456919959477029 0.7674605215995115
 0.7674605215995115 0.7674605215995115
 0.6687925295675633 0.445475874641691
 0.7674605215995115 0.7674605215995115
 0.4447395907034651 0.7674605215995115
 0.4235564021754406 0.445475874641691
 0.7674261165055469 0.7674605215995115
 0.7674605215995115 0.3689694489130793
 0.4449836064638423 0.7674605215995115
 0.7649648517506871 0.7674605215995115
 0.443478078491051 0.3689694489130793
 0.368700423994723 0.7674605215995115
 0.3597125903324193 0.7674605215995115
 0.269506569101899 0.7674605215995115
 0.7674402132779004 0.7674605215995115
 0.7674605215995115 0.7674605215995115
 0.7674226337203178 0.3689694489130793
 0.767391008621543 0.7674605215995115
 0.7672027571051859 0.7674605215995115
 0.7673751980864404 0.7674605215995115
 0.3716596930892451 0.7674605215995115
 0.7671991183973423 0.7674605215995115
 0.3655457702854419 0.7674605215995115
 0.7663159323341407 0.6953204716583624
 0.7674350825500267 0.7674605215995115
 0.7670595764760895 0.7674605215995115
 0.7607275120855546 0.4411094988542284
 0.6953204716583624 0.445475874641691
 0.4411425657031812 0.7674605215995115
 0.7673863287345687 0.3689694489130793
 0.7669295354362529 0.7674605215995115
 0.4385489253721652 0.7674605215995115
 0.7673460547684902 0.3689694489130793
 0.7673292356376374 0.7674605215995115
 0.7618574827375575 0.450307021778967
 0.7671932898311824 0.7674605215995115
 0.7673131780594467 0.4104635611970365
 0.7674605215995115 0.4411094988542284
 0.7672894257448735 0.6953204716583624
 0.6955363116490589 0.4411094988542284
 0.4365746741656067 0.7674605215995115
 0.6959630092337389 0.7674605215995115
 0.4456684129973346 0.6953204716583624
 0.6954313803077233 0.6953204716583624
 0.6955228925587071 0.6953204716583624
 0.6953111829453846 0.6953204716583624
 0.6953253682972169 0.6953204716583624
 0.6953204716583624 0.6953204716583624
 0.441330357923036 0.6953204716583624
 0.6953300055146682 0.6953204716583624
 0.437697467575436 0.6953204716583624
 0.6952382394282697 0.4043952676647842
 0.6952813269173536 0.6953204716583624
 0.4090003997315252 0.4411094988542284
 0.6953302587900322 0.6953204716583624
 0.6953204716583624 0.6953204716583624
 0.6951597309561101 0.6953204716583624
 0.6953663340183258 0.6953204716583624
 0.6953204716583624 0.6953204716583624
 0.6951826050138099 0.6953204716583624
 0.4410185680546605 0.6953204716583624
 0.695032395099664 0.4043952676647842
 0.6953084978903477 0.6953204716583624
 0.4043952676647842 0.6953204716583624
 0.6953204716583624 0.6953204716583624
 0.6953557859289877 0.6953204716583624
 0.6953204716583624 0.4043952676647842
 0.4074128479375156 0.4043952676647842
 0.695242657132994 0.4411094988542284
 0.6953732947152151 0.4043952676647842
 0.6954497107036994 0.6953204716583624


# name: PF
# type: matrix
# rows: 100
# columns: 2
 0.5749861851576721 7.632783294297951e-17
 0.9920759362398126 0.9699724901243738
 1.000815361361241 0.9994131817039967
 0.4738233822024347 0.8342455593047691
 0.4882078769092946 0.7463514325680799
 0.3080377290514619 0.3080767722835286
 1.258181668835063 0.774133841204139
 0.8349867610798332 0.8863110864531473
 0.5738682885077284 0.5738693987492939
 0.9956374495414628 0.937686547257673
 0.9412127796354158 1.077563335176821
 1.23976542285862 1.077563335176821
 0.8375593744812573 0.6951698479239943
 0.6954113011898442 0.6951698479239943
 0.9040686302938419 0.8576773250600042
 0.8555803179353033 0.8576773250600042
 0.8576639672089388 0.8576773250600042
 1.238931848450645 1.240070812312831
 0.2958666618180064 0.4068195860307217
 1.240026963041754 1.240070812312831
 1.23831038844911 1.240070812312831
 1.297972126885716 0.8861700163864292
 1.294163813850346 0.8861700163864292
 0.8862267159675501 1.240070812312831
 1.239367691112495 1.240070812312831
 0.8802700020857792 0.8861700163864292
 1.239773222841852 1.240070812312831
 0.8894514186659145 0.8861700163864292
 1.240070212990755 1.240070812312831
 0.8791537925256904 1.240070812312831
 1.240070812312831 1.240070812312831
 1.29739546940065 0.8861700163864292
 1.240070812312831 1.240070812312831
 0.887591353818727 1.240070812312831
 0.9946476702536667 0.8861700163864292
 1.239679271072246 1.240070812312831
 1.240070812312831 1.268563503639256
 0.8873863259342551 1.240070812312831
 1.227383310839903 1.240070812312831
 0.8946665818342304 1.268563503639256
 1.266204981300787 1.240070812312831
 1.263136399360453 1.240070812312831
 1.210213480650395 1.240070812312831
 1.240054527318874 1.240070812312831
 1.240070812312831 1.240070812312831
 1.239881441575516 1.268563503639256
 1.239942312825191 1.240070812312831
 1.241015925210418 1.240070812312831
 1.240383657388263 1.240070812312831
 1.278139355955855 1.240070812312831
 1.241029266806291 1.240070812312831
 1.266699750057341 1.240070812312831
 1.244245473744393 1.504577729025153
 1.240164086500315 1.240070812312831
 1.241540907751547 1.240070812312831
 1.264739863698652 1.533070420351577
 1.504577729025153 0.8861700163864292
 1.531907410173323 1.240070812312831
 1.240105892373383 1.268563503639256
 1.240586586232536 1.240070812312831
 1.522389106592635 1.240070812312831
 1.240457544538057 1.268563503639256
 1.240552182162328 1.240070812312831
 1.259173063612024 1.234479406836696
 1.240545794296979 1.240070812312831
 1.240127240301319 1.420704785921401
 1.240070812312831 1.533070420351577
 1.240698148127118 1.504577729025153
 1.503786335472072 1.533070420351577
 1.516682898446408 1.240070812312831
 1.501975177111944 1.240070812312831
 0.8870488003893668 1.504577729025153
 1.503849848717792 1.504577729025153
 1.50372698507129 1.504577729025153
 1.504583125631238 1.504577729025153
 1.504492454073739 1.504577729025153
 1.504577729025153 1.504577729025153
 1.531360065264421 1.504577729025153
 1.504411696945309 1.504577729025153
 1.535797198430414 1.504577729025153
 1.504511788008668 1.5625111119312
 1.504600471545892 1.504577729025153
 1.558729195523495 1.533070420351577
 1.504407286155581 1.504577729025153
 1.504577729025153 1.504577729025153
 1.504671117017012 1.504577729025153
 1.504409571234342 1.504577729025153
 1.504577729025153 1.504577729025153
 1.504657827524778 1.504577729025153
 1.532990782094274 1.504577729025153
 1.504598975097181 1.5625111119312
 1.504568127407476 1.504577729025153
 1.5625111119312 1.504577729025153
 1.504577729025153 1.504577729025153
 1.504448246596922 1.504577729025153
 1.504577729025153 1.5625111119312
 1.560091351330254 1.5625111119312
 1.504622938123781 1.533070420351577
 1.504301935150183 1.5625111119312
 1.504103864349028 1.504577729025153


