# Created by Octave 4.0.0, Fri Apr 27 02:40:41 2018 CEST <olethros@olethros-OptiPlex-9010>
# name: PU
# type: matrix
# rows: 100
# columns: 2
 0.5249770144156147 0.5
 0.5723792382497163 0.5620913273280062
 0.5667881292715743 0.5430619122527046
 0.5750636725619614 0.5486734846059022
 0.5750738040358233 0.5614330669585531
 0.5748389467800927 0.5340972110914057
 0.5761435647870582 0.551062402030181
 0.5749002737387556 0.5495295525207008
 0.5250861023554481 0.5161132177479703
 0.5170363833091804 0.5084259259522711
 0.5035199231896085 0.5084259259522711
 0.5013127341170138 0.5084259259522711
 0.4929092228804038 0.4981621577106729
 0.51352897078666 0.5133883339011119
 0.523076243940964 0.5242761395651195
 0.5066791235710018 0.5273790536019483
 0.5092858378625287 0.5368761926902792
 0.4708365533639705 0.4740642165470005
 0.4734595361539327 0.4758952715246981
 0.4714001653149087 0.4826757620620626
 0.4700469707596568 0.4783414275469921
 0.4712971550135812 0.4763028617774764
 0.4666788391422397 0.4756273948823633
 0.4771341383975803 0.4801356712760733
 0.4787425857433565 0.481428034872616
 0.4792632043568203 0.4829703687529686
 0.4832444888364861 0.4842235219878401
 0.4696954389948115 0.4685634531157033
 0.4695866750540083 0.4685634531157033
 0.4827034594961526 0.482612295654141
 0.5206903322426895 0.5430277983277818
 0.5212696713538533 0.5403716795520572
 0.5146538839101641 0.542818340347494
 0.5109190042147544 0.5419643621343191
 0.522672018079458 0.544447108493739
 0.4795327538225284 0.5251501522839939
 0.4813829343592802 0.524193892764831
 0.4979178057946642 0.5205963310841233
 0.4828010865432942 0.5214591361845429
 0.521808533741541 0.5282954817915195
 0.5373872829055308 0.5443562136397855
 0.540119276931164 0.5426349068838994
 0.545102816966887 0.5470940623635026
 0.5462252615105455 0.5470940623635026
 0.5330698786998658 0.5431991810217554
 0.5315432656914735 0.5321558081812092
 0.5295779818332809 0.531647630287047
 0.5738190468761757 0.5741318563025528
 0.5719670020305576 0.5741318563025528
 0.5687495980341695 0.5741318563025528
 0.5714582938552735 0.5741318563025528
 0.5734020853785805 0.5741318563025528
 0.5738148070148779 0.5741318563025528
 0.5729829819383958 0.5741318563025528
 0.5734512276107678 0.5741318563025528
 0.5363464059676167 0.5415668678613126
 0.5353667313475667 0.5415668678613126
 0.5364703962463976 0.5415668678613126
 0.5405763446558063 0.5415668678613126
 0.5419152105570988 0.5415668678613126
 0.5421834188041816 0.5415668678613126
 0.5709660589751817 0.5741318563025528
 0.5726003741502557 0.5741318563025528
 0.5725944604289854 0.5741318563025528
 0.5736957124485034 0.5741318563025528
 0.5737420731261921 0.5741318563025528
 0.5741045866705488 0.5741318563025528
 0.5711583093515107 0.5741318563025528
 0.5738618051980464 0.5741318563025528
 0.5738070252135041 0.5741318563025528
 0.5739222554233874 0.5741318563025528
 0.5735715482141348 0.5741318563025528
 0.5740607225171819 0.5741318563025528
 0.5738772291497007 0.5741318563025528
 0.5738063227881558 0.5741318563025528
 0.5740694314898089 0.5741318563025528
 0.5741075633660309 0.5741318563025528
 0.5737370790840161 0.5741318563025528
 0.5740484414989837 0.5741318563025528
 0.5740277683447139 0.5741318563025528
 0.5741204418238738 0.5741318563025528
 0.5739857977914604 0.5741318563025528
 0.5740271906512128 0.5741318563025528
 0.5739158854150084 0.5741318563025528
 0.5741318563025528 0.5741318563025528
 0.5741155165059291 0.5741318563025528
 0.574029693183023 0.5741318563025528
 0.5740778587740543 0.5741318563025528
 0.5741315081036603 0.5741318563025528
 0.5740586335979514 0.5741318563025528
 0.5739437364336119 0.5741318563025528
 0.5741318563025528 0.5741318563025528
 0.5740859612638768 0.5741318563025528
 0.574095805653395 0.5741318563025528
 0.5741434384748034 0.5741318563025528
 0.5741316260313352 0.5741318563025528
 0.5739652132282865 0.5741318563025528
 0.5740741732445351 0.5741318563025528
 0.5741333477721248 0.5741318563025528
 0.5739412205385533 0.5741318563025528


# name: PF
# type: matrix
# rows: 100
# columns: 2
 0.08131230274011914 1.179611963664229e-16
 0.01507325709980716 0.04468906478172501
 0.05863561807140853 0.3163463403254788
 0.01710765012319505 0.5611518825114357
 0.03851428130050689 0.4056794210906092
 0.02663826299118673 0.4393474015775655
 0.03679304150421722 0.1623066101589804
 0.03835451817413871 0.270375373200169
 0.4364192706242412 0.4579381568045894
 0.4439330250676767 0.6870387155034188
 0.4742778802269467 0.6870387155034188
 0.4653158133590203 0.6870387155034188
 0.5911205043250582 0.6557819704773036
 0.5548166041096599 0.4413306628842434
 0.5715226247662758 0.7824283120811629
 0.6297926064630228 0.5175717905735961
 0.6041480656777296 0.5080310390389591
 0.7244883249509324 0.7259278651466476
 0.7400013062365951 0.7507545576739029
 0.7169489437067234 0.774654566461734
 0.7149148261720846 0.7549222415705412
 0.7158341001960666 0.7371249437597209
 0.6949184413569871 0.7492752393744189
 0.777004492324469 0.7874759632338284
 0.78296875124564 0.7916000369624258
 0.7832903277180008 0.7965217932341927
 0.7965191931178968 0.800520742405823
 0.7539707884969337 0.7505477481212647
 0.7474559523924771 0.7505477481212647
 0.7954128215287496 0.7953791427728654
 0.620476485523844 0.5272299012228863
 0.5894709581796842 0.581009839123332
 0.6147304063916914 0.5297774154687834
 0.6340953412435855 0.5476594911904069
 0.588615103574532 0.5317590753529943
 0.4617527315993974 0.6270618550224866
 0.4126978573627959 0.5903794987318957
 0.7487163974755535 0.8739670700014355
 0.4177082459347864 0.6092931978715992
 0.5973496303182892 0.5629602995036269
 0.6191037788155593 0.5314690199225744
 0.5866999815027172 0.5336184632089623
 0.5333974051571033 0.5402057949482402
 0.5363286726682512 0.5402057949482402
 0.4372332410458927 0.4956692742462943
 0.4309125537792039 0.4298055373968134
 0.4280449056720202 0.4295331667423652
 0.2619986574237207 0.2600184038533148
 0.2361679214525485 0.2600184038533148
 0.1900597655557078 0.2600184038533148
 0.2289880718281945 0.2600184038533148
 0.2663083762846674 0.2600184038533148
 0.2588595388401762 0.2600184038533148
 0.2650239179821736 0.2600184038533148
 0.2621478504579965 0.2600184038533148
 0.4231984578210999 0.477004379867381
 0.4304845511053446 0.477004379867381
 0.4151816386087248 0.477004379867381
 0.4370786206646615 0.477004379867381
 0.4700489541231917 0.477004379867381
 0.4679834964427163 0.477004379867381
 0.2773023093284425 0.2600184038533148
 0.2598991361181505 0.2600184038533148
 0.2672763792970819 0.2600184038533148
 0.2586502814758356 0.2600184038533148
 0.2585954732302034 0.2600184038533148
 0.2600813772241879 0.2600184038533148
 0.2506118000516194 0.2600184038533148
 0.2608342298245702 0.2600184038533148
 0.2603102615652196 0.2600184038533148
 0.2588884151325516 0.2600184038533148
 0.2590743581329076 0.2600184038533148
 0.2599133375793961 0.2600184038533148
 0.259908901702177 0.2600184038533148
 0.261889933788281 0.2600184038533148
 0.2603190980627329 0.2600184038533148
 0.2598128762780077 0.2600184038533148
 0.2570161992551011 0.2600184038533148
 0.2603693130006241 0.2600184038533148
 0.260615020699527 0.2600184038533148
 0.2598562586079056 0.2600184038533148
 0.2600306550629785 0.2600184038533148
 0.2588225062683488 0.2600184038533148
 0.2610092481165879 0.2600184038533148
 0.2600184038533148 0.2600184038533148
 0.259966261773356 0.2600184038533148
 0.260254806860003 0.2600184038533148
 0.2592814371863523 0.2600184038533148
 0.2600484702601115 0.2600184038533148
 0.2605711990897304 0.2600184038533148
 0.2585008541962442 0.2600184038533148
 0.2600184038533148 0.2600184038533148
 0.2595563009739871 0.2600184038533148
 0.2595193537104006 0.2600184038533148
 0.2603011093280599 0.2600184038533148
 0.2600199381890324 0.2600184038533148
 0.2594801516395929 0.2600184038533148
 0.259185602920552 0.2600184038533148
 0.2600733701240237 0.2600184038533148
 0.2599096498668187 0.2600184038533148


