# Created by Octave 4.0.0, Fri Apr 27 10:17:32 2018 CEST <olethros@olethros-OptiPlex-9010>
# name: PU
# type: matrix
# rows: 100
# columns: 2
 0.4588056365367269 0.5655301618845577
 0.5861409833612119 0.5451479168382513
 0.5727355436637748 0.5514543664043136
 0.5374669795542755 0.5505368479280501
 0.5413734931445437 0.5451479168382513
 0.5800194625869147 0.5479979901047344
 0.5853306026067796 0.5451479168382513
 0.5807252938108636 0.5650439811989195
 0.5840448766626345 0.5451479168382513
 0.5451609802456027 0.5451479168382513
 0.5417657436027983 0.5451479168382513
 0.6493772639313067 0.6493928606281055
 0.6489518174580656 0.6493928606281055
 0.649447463336968 0.6493928606281055
 0.6491609718731362 0.6496097555453185
 0.6488249386580379 0.6540106094814374
 0.6494010484721873 0.6493928606281055
 0.6494245603647046 0.6493928606281055
 0.6488804784805493 0.6493928606281055
 0.6492123479172613 0.6493928606281055
 0.5853217138839779 0.6889140056178099
 0.6886486495924494 0.6887868523502633
 0.5830086269550241 0.584541908560409
 0.6881216399555959 0.5451479168382513
 0.649231654408486 0.5451479168382513
 0.6493985157790763 0.5820277288433043
 0.5462169875633757 0.6493928606281055
 0.6497425463760804 0.5451479168382513
 0.5846235344116848 0.584541908560409
 0.649876822784263 0.6887868523502633
 0.5845391340226879 0.5847660827433666
 0.6886626039357207 0.6893149685706507
 0.5748652917944215 0.6887868523502633
 0.6889846624796401 0.6890710537677548
 0.6887799577792904 0.6887868523502633
 0.6885643208421206 0.6887868523502633
 0.6887868593142208 0.6887868523502633
 0.6886803835204456 0.6887868523502633
 0.6885105904578724 0.6887868523502633
 0.688786995381147 0.6887868523502633
 0.6887872095851597 0.6887868523502633
 0.6887739239271267 0.6887868523502633
 0.6887727427205245 0.6887868523502633
 0.6887764872969002 0.6887868523502633
 0.6887775562414349 0.6887868523502633
 0.6886534790341006 0.6887868523502633
 0.688703268550527 0.6887868523502633
 0.6887776417922025 0.6887868523502633
 0.6887463125646611 0.6887868523502633
 0.6887787796209058 0.6887868523502633
 0.6887760019016148 0.6887868523502633
 0.6887750754992901 0.6887868523502633
 0.6887860254691912 0.6887868523502633
 0.6886003117445212 0.6887868523502633
 0.6887839823937409 0.6887868523502633
 0.6887876873287545 0.6887868523502633
 0.6887877791217536 0.6887868523502633
 0.6887868523502633 0.6887868523502633
 0.6897905145541215 0.6898534464654931
 0.6898519022183164 0.6898534464654931
 0.6898513510902285 0.6898534464654931
 0.6898534464654931 0.6898534464654931
 0.6898502190028986 0.6898534464654931
 0.6898512126889425 0.6898534464654931
 0.6898521789461894 0.6898534464654931
 0.6898534464654931 0.6898534464654931
 0.6897412836700763 0.6898534464654931
 0.6898518200157383 0.6898534464654931
 0.6506233175364011 0.6504594547433352
 0.6898481714622977 0.6898534464654931
 0.6898506854711499 0.6504594547433352
 0.6898113702121913 0.6898534464654931
 0.6898511838057539 0.6898534464654931
 0.6898532700245499 0.6898534464654931
 0.689849735670246 0.6898534464654931
 0.6898521676490191 0.6898534464654931
 0.6898441146155284 0.6898534464654931
 0.68984833168322 0.6035509945064443
 0.6896882970782643 0.6898534464654931
 0.6898528978593278 0.6898534464654931
 0.6898137579481897 0.6898534464654931
 0.6898520120446252 0.6898534464654931
 0.6898529818723442 0.6898534464654931
 0.6898534464654931 0.6898534464654931
 0.6898484954322815 0.6898534464654931
 0.6898519900724029 0.6898534464654931
 0.6898499105958205 0.6898534464654931
 0.6898534464654931 0.6898534464654931
 0.6898500123757616 0.6898534464654931
 0.6898531371994808 0.6898534464654931
 0.689852556483431 0.6898534464654931
 0.6898522613636744 0.6898534464654931
 0.6898476938283933 0.6898534464654931
 0.6894531560980534 0.6898534464654931
 0.6898486609426908 0.6898534464654931
 0.6898497427119501 0.6898534464654931
 0.6898419255938735 0.6898534464654931
 0.6898517994816262 0.6898534464654931
 0.6898534464654931 0.6898534464654931
 0.6898512028469501 0.6898534464654931


# name: PF
# type: matrix
# rows: 100
# columns: 2
 0.6927618674035161 0.403991458184551
 0.3265732904650598 0.9277114283238139
 0.3489734894304636 0.8374815227910081
 0.6579304897057545 0.8441318366282
 1.013984829473368 0.9277114283238139
 0.3627077505646786 0.847883130653464
 0.5889132838243409 0.9277114283238139
 0.4552361610835042 0.6707639707978267
 0.4356220484643518 0.9277114283238139
 0.9277528497432339 0.9277114283238139
 1.012824730391311 0.9277114283238139
 1.259169464267234 1.258251035866212
 1.25690614522688 1.258251035866212
 1.255173240510784 1.258251035866212
 1.252364476841048 1.290322763687873
 1.256116493817522 1.199831427242754
 1.258163541086249 1.258251035866212
 1.259631985705724 1.258251035866212
 1.255651779523246 1.258251035866212
 1.257705960770846 1.258251035866212
 0.4319364108953249 0.7786755018304726
 0.7617160223412283 0.7598736551076946
 0.4078882806996114 0.4293340475652962
 0.7603067698766942 0.9277114283238139
 1.255907321097942 0.9277114283238139
 1.258336277157846 0.4611411899083268
 0.9309398793541737 1.258251035866212
 1.253855897588673 0.9277114283238139
 0.429592866610759 0.4293340475652962
 1.315609694452413 0.7598736551076946
 0.4377658185776677 0.4624821428403755
 0.7592423759004345 0.8379649257382091
 0.3128732089483828 0.7598736551076946
 0.789123361422882 0.8018978326469201
 0.7596888249263157 0.7598736551076946
 0.7573391349384924 0.7598736551076946
 0.7598746848512732 0.7598736551076946
 0.7595360640078868 0.7598736551076946
 0.7589635769399316 0.7598736551076946
 0.7598948047391828 0.7598736551076946
 0.7599264785694644 0.7598736551076946
 0.7595270689600316 0.7598736551076946
 0.7596742066218708 0.7598736551076946
 0.7596060139653564 0.7598736551076946
 0.7597422487657717 0.7598736551076946
 0.7593039369407155 0.7598736551076946
 0.7595044817411536 0.7598736551076946
 0.7595871692184697 0.7598736551076946
 0.7595255279697393 0.7598736551076946
 0.7598480581176001 0.7598736551076946
 0.7600109252329367 0.7598736551076946
 0.7592127151174127 0.7598736551076946
 0.7598619666239548 0.7598736551076946
 0.7592821726206685 0.7598736551076946
 0.7599366956535376 0.7598736551076946
 0.7596590078030543 0.7598736551076946
 0.7600106945707402 0.7598736551076946
 0.7598736551076946 0.7598736551076946
 0.9181956436648513 0.9175883521571914
 0.9173600080550088 0.9175883521571914
 0.9172785140750903 0.9175883521571914
 0.9175883521571914 0.9175883521571914
 0.9168797212362689 0.9175883521571914
 0.9172580490110163 0.9175883521571914
 0.917400927137578 0.9175883521571914
 0.9175883521571914 0.9175883521571914
 0.9174730918007462 0.9175883521571914
 0.9173478529582209 0.9175883521571914
 1.412354544274972 1.415965732915709
 0.917474322560185 0.9175883521571914
 0.9171800905887504 1.415965732915709
 0.9179771387751128 0.9175883521571914
 0.9172537781236593 0.9175883521571914
 0.9175622622608534 0.9175883521571914
 0.9170396458219194 0.9175883521571914
 0.9171720645659862 0.9175883521571914
 0.9164808097998713 0.9175883521571914
 0.9171883192347473 0.910539012792197
 0.9185742209522019 0.9175883521571914
 0.9175072310878793 0.9175883521571914
 0.9179460306180292 0.9175883521571914
 0.9173762478061643 0.9175883521571914
 0.9175196538898014 0.9175883521571914
 0.9175883521571914 0.9175883521571914
 0.9173545647046191 0.9175883521571914
 0.9173074309977876 0.9175883521571914
 0.9170655116443258 0.9175883521571914
 0.9175883521571914 0.9175883521571914
 0.917080561598541 0.9175883521571914
 0.9175426217385407 0.9175883521571914
 0.9174567526581043 0.9175883521571914
 0.9175604591120203 0.9175883521571914
 0.9172761176259534 0.9175883521571914
 0.9163191124593575 0.9175883521571914
 0.9174692925306405 0.9175883521571914
 0.9170406870616867 0.9175883521571914
 0.9172399195086367 0.9175883521571914
 0.9173809995347426 0.9175883521571914
 0.9175883521571914 0.9175883521571914
 0.917468295452767 0.9175883521571914


