# Created by Octave 4.0.0, Fri Apr 27 19:08:18 2018 CEST <olethros@olethros-OptiPlex-9010>
# name: PU
# type: matrix
# rows: 100
# columns: 2
 0.53771107525721 0.5000000000000001
 0.5203622034673179 0.5615384507303128
 0.4291426096629301 0.5825986620087726
 0.6088377486330682 0.4764630454480438
 0.4730020587452349 0.4296608063833721
 0.6080339828137823 0.4296608063833721
 0.4464919100357381 0.4296608063833721
 0.4299134034305572 0.4296608063833721
 0.4386532706905148 0.4682572608511165
 0.478953802807834 0.4682572608511165
 0.6065980439324854 0.606784458529471
 0.6467615742416151 0.6483793466158653
 0.6020772170229244 0.6483793466158653
 0.6484642631511994 0.6483793466158653
 0.6456735396143412 0.6483793466158653
 0.6481120154764634 0.6483793466158653
 0.6483793466158653 0.6483793466158653
 0.6433895207225709 0.6483793466158653
 0.6483659208784633 0.6483793466158653
 0.641813775990726 0.6422965506780192
 0.6422316254127017 0.6422965506780192
 0.6507287106209021 0.6422965506780192
 0.6421896679313016 0.6422965506780192
 0.6421745789008571 0.6422965506780192
 0.642303856579878 0.6422965506780192
 0.642297785231719 0.6422965506780192
 0.6423031743332388 0.6422965506780192
 0.6422201565669157 0.6422965506780192
 0.6417057367753358 0.6422965506780192
 0.6448910904084092 0.6422965506780192
 0.5661797865944038 0.6448910904084092
 0.6422402679539712 0.6422965506780192
 0.6591728864007754 0.6448910904084092
 0.6448959913590407 0.6448910904084092
 0.5864983686529591 0.6448910904084092
 0.6422965506780192 0.5656986000319183
 0.6405336365681862 0.5656986000319183
 0.5656981302950492 0.5656986000319183
 0.6278966698225927 0.5656986000319183
 0.6421192033837649 0.6591796709431826
 0.5684236068387519 0.6422965506780192
 0.5657517975626841 0.6422965506780192
 0.6448572465779606 0.5656986000319183
 0.6446833034150374 0.6448910904084092
 0.6448220211912959 0.6448910904084092
 0.6916597352326188 0.6448910904084092
 0.6589517076529334 0.6916933294730809
 0.6445638910322563 0.5680391426675955
 0.5683593537421227 0.5682931397623083
 0.6591796709431826 0.5682931397623083
 0.568291213031509 0.5682931397623083
 0.6430001278983445 0.5682931397623083
 0.6447574192324379 0.5682931397623083
 0.6916428815567729 0.5682931397623083
 0.571877265141026 0.5682931397623083
 0.5831292280199561 0.5682931397623083
 0.6448456028204802 0.6448910904084092
 0.5697643099261586 0.6591796709431826
 0.6447439182948349 0.6916933294730809
 0.5980743941586391 0.5682931397623083
 0.6591627832084253 0.5656986000319183
 0.5658033505591655 0.5656986000319183
 0.5657986789141123 0.6591796709431826
 0.565980299289806 0.5656986000319183
 0.565059345560635 0.6591796709431826
 0.6394821134502473 0.5656986000319183
 0.5725922807588348 0.5656986000319183
 0.6916933294730809 0.6422965506780192
 0.6396066385610348 0.6422965506780192
 0.6422101074297214 0.6530968750053365
 0.6406585700551475 0.6422965506780192
 0.6422221778569157 0.6422965506780192
 0.6422965506780192 0.6422965506780192
 0.5679503153839428 0.6530968750053365
 0.6422965506780192 0.6916933294730809
 0.6418353846508544 0.6422965506780192
 0.5656986000319183 0.5656986000319183
 0.6181499882983637 0.5656986000319183
 0.5662699032728634 0.5656986000319183
 0.6916832250187969 0.6591796709431826
 0.5685525930189294 0.5656986000319183
 0.5662211393281851 0.5656986000319183
 0.5657253033555242 0.5656986000319183
 0.5211827946598304 0.6591796709431826
 0.5209424148215663 0.5209424148215663
 0.5211040284911242 0.5209424148215663
 0.522002298442665 0.6591796709431826
 0.5502230794979354 0.5209424148215663
 0.5209515544848637 0.5209424148215663
 0.5209696709691802 0.5209424148215663
 0.5211641611014691 0.5209424148215663
 0.5210034220353751 0.5209424148215663
 0.576847014663165 0.5209424148215663
 0.656531912545539 0.6565851312127926
 0.5975423536916905 0.5975403654676672
 0.5959215997247607 0.5975403654676672
 0.5975834967811214 0.5975403654676672
 0.5972792531825027 0.5975403654676672
 0.6977424259097861 0.6916933294730809
 0.6591668261430819 0.6591796709431826


# name: PF
# type: matrix
# rows: 100
# columns: 2
 0.9256813133505303 3.642919299551295e-16
 0.3128867955465812 0.3270203603450609
 0.6221169170026503 0.0844826953158648
 0.6275193899337032 0.9687681692877751
 0.4514280850272528 0.5764338937788371
 0.4133740388730687 0.5764338937788371
 0.548020967644729 0.5764338937788371
 0.5768214104236907 0.5764338937788371
 0.5591564789319166 0.7406960314251648
 0.7298252488334727 0.7406960314251648
 0.6205981052090367 0.623222606835458
 0.9353157723433868 0.9459895275969608
 1.265325523318494 0.9459895275969608
 0.9301450591118858 0.9459895275969608
 0.9470780165301195 0.9459895275969608
 0.915447753526641 0.9459895275969608
 0.9459895275969608 0.9459895275969608
 0.9502228875366541 0.9459895275969608
 0.9463860634112664 0.9459895275969608
 1.125536681795501 1.125647923127982
 1.125520764268064 1.125647923127982
 0.7265574494037541 1.125647923127982
 1.124984334368178 1.125647923127982
 1.124701449733159 1.125647923127982
 1.124309154850972 1.125647923127982
 1.125421697624051 1.125647923127982
 1.125452290185258 1.125647923127982
 1.122559853837978 1.125647923127982
 1.122671855678109 1.125647923127982
 0.8528106323120388 1.125647923127982
 0.8005323664834698 0.8528106323120388
 1.123885117055776 1.125647923127982
 0.7539022197151545 0.8528106323120388
 0.8524039653065899 0.8528106323120388
 0.8589458605571786 0.8528106323120388
 1.125647923127982 0.7986275627829211
 1.118071841156248 0.7986275627829211
 0.7983529677028698 0.7986275627829211
 1.064263840847778 0.7986275627829211
 1.124562362328674 0.7539265637606103
 0.8103744158132271 1.125647923127982
 0.7995353724755526 1.125647923127982
 0.8527672646002484 0.7986275627829211
 0.8277554198214174 0.8528106323120388
 0.8528547792258807 0.8528106323120388
 0.460451856725702 0.8528106323120388
 0.7492721652238676 0.4604763568031008
 0.8427726811355202 0.7219108316210733
 0.7547104098314563 0.754657503563989
 0.7539265637606103 0.754657503563989
 0.7544090990636243 0.754657503563989
 0.8500994890120341 0.754657503563989
 0.852882840877594 0.754657503563989
 0.4608992520980946 0.754657503563989
 0.7595571110301328 0.754657503563989
 0.7735707066659636 0.754657503563989
 0.8524880792052777 0.8528106323120388
 0.7560752698272748 0.7539265637606103
 0.8531300544329258 0.4604763568031008
 0.7904651557840322 0.754657503563989
 0.753427776137013 0.7986275627829211
 0.8000216900486226 0.7986275627829211
 0.7962225056586199 0.7539265637606103
 0.7998302241080129 0.7986275627829211
 0.8040207699805184 0.7539265637606103
 1.120091962314198 0.7986275627829211
 0.8272064069722338 0.7986275627829211
 0.4604763568031008 1.125647923127982
 1.135299766821739 1.125647923127982
 1.125474688059452 0.5742681682295891
 1.131525264936117 1.125647923127982
 1.125330402534389 1.125647923127982
 1.125647923127982 1.125647923127982
 0.808399919070647 0.5742681682295891
 1.125647923127982 0.4604763568031008
 1.124280600462063 1.125647923127982
 0.7986275627829211 0.7986275627829211
 1.022299941130039 0.7986275627829211
 0.7993734976260938 0.7986275627829211
 0.4605610605230537 0.7539265637606103
 0.8109122055506791 0.7986275627829211
 0.8008507314845414 0.7986275627829211
 0.7976844385999922 0.7986275627829211
 0.9580559717972483 0.7539265637606103
 0.9592200599324062 0.9592200599324062
 0.9597244855783265 0.9592200599324062
 0.9635913126177381 0.7539265637606103
 1.084228280555036 0.9592200599324062
 0.9592590799839839 0.9592200599324062
 0.9591321413554816 0.9592200599324062
 0.9601667634374915 0.9592200599324062
 0.9594805186114586 0.9592200599324062
 1.197571432199071 0.9592200599324062
 0.9634654961191105 0.96365604171258
 1.286233286205176 1.286240420277467
 1.278902290572143 1.286240420277467
 1.285928084274641 1.286240420277467
 1.285125651111128 1.286240420277467
 0.3398943428510707 0.4604763568031008
 0.7537023013340484 0.7539265637606103


