# Created by Octave 4.0.0, Fri Apr 27 02:39:48 2018 CEST <olethros@olethros-OptiPlex-9010>
# name: PU
# type: matrix
# rows: 100
# columns: 2
 0.507797032359926 0.5000000000000001
 0.5601117329658849 0.5605085230863858
 0.5666240907645841 0.6227918688483451
 0.5504908700207798 0.5481071650430737
 0.5559111567057426 0.5481071650430737
 0.5552169827067659 0.5481071650430737
 0.5612204502562632 0.5525674212148572
 0.5994547199729678 0.5785962536882526
 0.6009844814292777 0.5669084459562345
 0.6039947002195803 0.5906337330450065
 0.6137827333018112 0.5941307068138769
 0.5774137492413554 0.5326683673883984
 0.574027666497481 0.5319365426096825
 0.5680848303642609 0.5690749591251145
 0.5737455966549934 0.5690749591251145
 0.5921672281780662 0.5719201368637357
 0.6112971943520279 0.6140579772886001
 0.6197195921205736 0.6497166363553915
 0.6293763230228848 0.643156972932551
 0.6483973697725822 0.6477717266847327
 0.6514779471147072 0.6657276785332955
 0.6506481419006108 0.6477230664252034
 0.6421169004501732 0.6401981805429247
 0.6414502199925336 0.6460817543965112
 0.6295589689237795 0.6272505671657247
 0.6296495939158648 0.6373062630704194
 0.6354862521226938 0.6321876584149959
 0.6303967379251056 0.6194753146281438
 0.6366703120632555 0.6329880104159327
 0.64415230660542 0.6363728595070595
 0.6241353591464678 0.6276594107444429
 0.6300348909783171 0.6313725194437894
 0.6333179450960018 0.6430938058275308
 0.6294591123996598 0.6337365397980792
 0.6325431500708396 0.6302909917663806
 0.6331177320031935 0.6479218263201303
 0.6385050820113634 0.6301920389636471
 0.6473332884816854 0.643243229974757
 0.6399292637268003 0.6432094514942734
 0.6381348394554132 0.6307614685900549
 0.6469419697734315 0.6306674180042133
 0.6407443720044428 0.6460922926897006
 0.6466532152807087 0.6389426413550212
 0.6599582073516503 0.6539641511251457
 0.6525238531413193 0.6704229462188169
 0.6578962733564782 0.653548008965734
 0.6639495777154896 0.6776715576790069
 0.6792573426810868 0.680074499543083
 0.6701045208327958 0.6695060473821033
 0.6719972333946129 0.6688338743976345
 0.6833907200798 0.683552130241259
 0.6861752671180297 0.690639694214727
 0.6871374778864672 0.6898743094099291
 0.6871493696250541 0.6901586766962291
 0.6747804426814588 0.6764315401542484
 0.6690768081228193 0.6688306593426872
 0.6726670328407152 0.6691922719557462
 0.676782441817054 0.6756279196496211
 0.6803295330686823 0.6821020144913639
 0.6847247458432184 0.6919122183350515
 0.6766217885358512 0.6785994601337257
 0.6735586676206546 0.6705605888823465
 0.6854483221806523 0.6867657722866896
 0.6812098700059719 0.6860569053660079
 0.6807344055751592 0.6801390976984178
 0.6804096289541137 0.6801654516036899
 0.6732607572590783 0.6743643948039715
 0.6825596082594381 0.6802003686591098
 0.6813621396083973 0.6802060666252927
 0.6788923020289981 0.680277074271006
 0.6883505089252573 0.6908363311708821
 0.6872822530851146 0.691047059012873
 0.6870246372588946 0.6905550384889882
 0.6803618514019509 0.680164596661855
 0.6797180737629045 0.6771718678095953
 0.6763165156310373 0.6765742508972319
 0.6805277226943254 0.6806203180683252
 0.684842943184421 0.6873665901946155
 0.6849270331192523 0.6875716552070068
 0.6778427579258894 0.677886742717472
 0.6703156158683854 0.6694793440324378
 0.6706019543296919 0.6693518983765574
 0.6717383164892758 0.6688607908856867
 0.6693128320440702 0.6686952246567477
 0.6732784566681242 0.6750005092875717
 0.6756123971081305 0.6744277662445133
 0.6740287058792214 0.6739167686334961
 0.6684508073729523 0.6667820983150239
 0.6757160149529808 0.673373739160982
 0.6677003782281141 0.6666584263211641
 0.6680134347874995 0.6665334898495652
 0.6662474683111028 0.6659965921291726
 0.6801564006996992 0.6815778480402686
 0.6824096857703812 0.681487670885887
 0.6793085011505187 0.6784761161832227
 0.6795286719773219 0.6785087780992665
 0.6785683584912889 0.6785084411216347
 0.678513353490255 0.677856504576996
 0.6863409599097177 0.68774318724159
 0.6858574224414815 0.6877312661966368


# name: PF
# type: matrix
# rows: 100
# columns: 2
 0.1160175225402415 3.122502256758253e-16
 0.05177412639725344 0.01958834712005286
 0.006906059078084615 0.7702300941770632
 0.1258447709885588 0.3747832937691616
 0.1006025236387429 0.3747832937691616
 0.3655368485628826 0.3747832937691616
 0.0441886543081321 0.4348188194069856
 0.311820624457401 0.8896649778989959
 0.2595608331384629 0.6932350422949708
 0.5669711277278242 1.222694257110118
 0.5846677620940963 1.072621777693686
 0.3329161070428634 0.7192237512704364
 0.3886652411833825 0.7217125675186575
 0.7425815830775101 1.041040104886593
 0.633858994799421 1.041040104886593
 0.2689101693922297 0.1709302887526684
 0.3545139155381044 0.4295886650481289
 0.1307862681399893 0.1792621431371924
 0.144089035338383 0.1604070070558997
 0.1794004249402778 0.2389670854167755
 0.2010167484479857 0.1766546042944274
 0.2173933744922776 0.257985011190465
 0.1308676093907309 0.1007611267855521
 0.1555259298604144 0.1203620115398105
 0.1270157912087825 0.1351923157456018
 0.1299394362023538 0.1527370637258176
 0.05845472330469841 0.1574616764585379
 0.0738808364003732 0.1357818259349003
 0.06626627317790149 0.1603610394500667
 0.03909762564887222 0.08138519120643564
 0.1307733020576525 0.1428270590672132
 0.1320511444633589 0.1403093259334437
 0.1387572110642861 0.1602992793334952
 0.1400622221644163 0.1443410213610528
 0.1293056046015707 0.1384648451175619
 0.1491725840214083 0.1685331797350272
 0.152577487688638 0.1382960870264539
 0.1222780457491094 0.1208913293307322
 0.1776642474483042 0.119201500410015
 0.1271415453808009 0.1062275603194788
 0.11705660679924 0.1119941829326505
 0.1456013955939625 0.1376962823327999
 0.1014962995255158 0.1234868443425981
 0.2467118001767068 0.2581931233260835
 0.2333815280887471 0.1961587163161794
 0.2221543363763856 0.2473362973533955
 0.2967872156251665 0.2918392090644366
 0.1975646286858849 0.2034276823539476
 0.1222680368526543 0.1275996435893751
 0.1424212635160081 0.1227768409361174
 0.2258988967626868 0.2283794833720561
 0.2411748049139388 0.2792323488191659
 0.250704454426524 0.2737407566953627
 0.2545132807214162 0.2757810756825226
 0.1644883067892217 0.1772896574524191
 0.124311198119366 0.1227537731010679
 0.1493866132700976 0.1253483228821647
 0.1802527409966924 0.1715237263729479
 0.2020631638960247 0.2179749859469589
 0.2353393885858103 0.2883626364767179
 0.1794069442390167 0.1928443591001431
 0.152995585134606 0.13516591843656
 0.2397167997534842 0.2514371809312199
 0.2109560342244123 0.2463511013879139
 0.2082709610990327 0.2038911704175017
 0.2054481947527139 0.204080258177954
 0.1562910602089524 0.1624580079956
 0.215500152807037 0.2043307860501153
 0.206067987842864 0.2043716686310277
 0.1878211795625483 0.2048811444208321
 0.2628075755198088 0.2806432077138043
 0.2509977650488422 0.2821551679070158
 0.2532210320116334 0.2786249488371073
 0.2048289102134171 0.2040741240192702
 0.2009436478612676 0.1826014659644905
 0.1764643630883928 0.1783135988571038
 0.2074158124058654 0.2073438990013866
 0.2371254134181017 0.2557480149983765
 0.235174002567072 0.2572193447136468
 0.153466762943068 0.1877306524717113
 0.09575362578742913 0.1274080485854203
 0.08551241589512901 0.1264936333061272
 0.1192089069546391 0.1229699651957861
 0.112250718564786 0.1217820369888104
 0.1532708931786471 0.167022092970999
 0.1708205441973478 0.162912694450794
 0.1599250823206665 0.1592463158679513
 0.1186564136163269 0.1080554650942646
 0.1725439246988343 0.1553501105140463
 0.1143665931763446 0.1071681256237685
 0.1139400457395128 0.1062717135979377
 0.1047994122847165 0.1024195032142026
 0.2040153184603664 0.2142141216910286
 0.2189101429393171 0.2135671057747938
 0.1918304512995949 0.1919593733219376
 0.1992846597674882 0.1921937206982771
 0.1926212065975435 0.1921913029030746
 0.192226548866485 0.1875136955462072
 0.2458611911695329 0.2584500772343249
 0.2456243181578807 0.2583645444197687


