# Created by Octave 4.0.0, Fri Apr 27 02:47:30 2018 CEST <olethros@olethros-OptiPlex-9010>
# name: PU
# type: matrix
# rows: 100
# columns: 2
 0.4953727027646446 0.4999999999999999
 0.5558879598089356 0.5571691584045406
 0.5029680330174471 0.51494832722086
 0.4436933932347462 0.4647170253570589
 0.4500118592855527 0.4817857655104953
 0.4504187094971431 0.4843292796411653
 0.4584232566597921 0.5072522546346062
 0.455077269950055 0.5077998953088184
 0.4701392358406411 0.5855263808757187
 0.4917910590738761 0.6324670514138196
 0.4863226381531365 0.6291780470707496
 0.4806865340217225 0.6252267637670379
 0.4808843768728192 0.6296772130363413
 0.5065408862403239 0.6252707491435787
 0.4847728677986355 0.6175829705825694
 0.5145792034383507 0.6483462424277683
 0.5074152545297765 0.6499891929598438
 0.529489644756812 0.6312283306598224
 0.502937435942898 0.6388013991451513
 0.5012871918986391 0.6513863665356744
 0.5270164049984716 0.6714747324968836
 0.5166026876010428 0.6656544927307958
 0.4913093649987622 0.6637780779648044
 0.5138478860089536 0.6694504231596091
 0.5336543496109623 0.6730565179893389
 0.4954959030381595 0.6505880728893187
 0.5094992052338093 0.6525487255038188
 0.529940075112835 0.6569907177368715
 0.5248550747123336 0.6492504900661782
 0.5040223921512078 0.5950882184376839
 0.5185733883147635 0.5901371573736867
 0.5097087682997323 0.6144833458995641
 0.5387239760520014 0.6004226134450731
 0.5703608959639845 0.6089454361302111
 0.5930694763976095 0.6103390431121635
 0.5891814108066328 0.6191917479303438
 0.5869666129998466 0.6188157879356248
 0.5744846213805358 0.6148992353515198
 0.5753143104056104 0.6145229805386474
 0.5614451935039183 0.6144649343190111
 0.5754722581366826 0.6236454805367091
 0.5732334505694455 0.6243407088988006
 0.5981004224775304 0.6248726377727515
 0.6044781253470117 0.6258879544104761
 0.6049057030871906 0.6229316115339834
 0.6096937685750281 0.6311275644485834
 0.6097853530710505 0.635569861687024
 0.611444162763527 0.6433906833137134
 0.6070403411682566 0.641542876068232
 0.6006970960026798 0.6403389240562551
 0.6056375706693025 0.6453939127830496
 0.6040445203579595 0.6446086302749559
 0.5999161444794849 0.6395860319220397
 0.601368875036516 0.6389898141394682
 0.5999574142802823 0.6385949817005431
 0.6191955051197685 0.656984919356854
 0.6170035566647545 0.6549809546161505
 0.6170626769570797 0.647619008877103
 0.6158563203628965 0.646942880370159
 0.6178988663649628 0.6478694651844871
 0.6159393008341688 0.6387332065855225
 0.6199934818314172 0.6392325281462621
 0.6166458339474549 0.6385728707646506
 0.6226901046936917 0.633921480291293
 0.6118945279796031 0.6327323076062118
 0.6053098539619052 0.6341787191850544
 0.6036667421493549 0.6310429623053156
 0.6075426414495156 0.6243364858114013
 0.6053708110146059 0.6260460805907884
 0.6037964505959847 0.6267203195218013
 0.6097528008789739 0.6277935628665385
 0.622498250363806 0.6424868096662777
 0.6483913423257969 0.6582230510220662
 0.6442983320855915 0.6563294772890901
 0.6441331136269246 0.6550522027997657
 0.6444667631189007 0.6560920214684191
 0.6322110844693507 0.656463266754496
 0.6414925468588731 0.6690173287689455
 0.6482726145164788 0.6697702099269709
 0.645572668444805 0.66920525543591
 0.6458578204932028 0.6667776274681012
 0.6490567207681879 0.6673847349966044
 0.6526162367384859 0.6678420253711549
 0.6485935869002133 0.6674083838927537
 0.6502137577439846 0.667245407969267
 0.6482106324519435 0.6652103611270658
 0.6486608002828546 0.6633908149747432
 0.6450090170929608 0.6577758388113943
 0.6423525314431755 0.6578982866401597
 0.644946478409096 0.6585690823245978
 0.6404176982902545 0.6585858019159787
 0.6452728301702934 0.6547199219242349
 0.6451351168190689 0.6580600999914664
 0.6450760843859377 0.6587627711994972
 0.6433529688470463 0.6585498721991656
 0.6425543798385921 0.6547203428341238
 0.6449935464224501 0.6577337935789661
 0.6455678396440666 0.6585438186963654
 0.6449199665522004 0.6581869249075458
 0.6473789915615104 0.6609673356714646


# name: PF
# type: matrix
# rows: 100
# columns: 2
 0.02035582974685255 2.42861286636753e-16
 0.02707009414333757 0.0122670839535564
 0.0394405521234723 0.2006674941562246
 0.1074155344998158 0.5694357269581265
 0.1023763374529935 0.3724301941204751
 0.1086939226437925 0.4242646750486073
 0.1869353900943743 0.7867859757631395
 0.1442608705812127 0.7332416715574361
 0.1194117308687639 0.3248011053394803
 0.1588784640409368 0.4717600613744789
 0.1289904763161642 0.4542530308363362
 0.116368648586571 0.4332207577690523
 0.1437811456212204 0.3911858606921889
 0.1486619856088606 0.354924167502252
 0.1983633055688375 0.5885784102755204
 0.2288487741703388 0.5349131274705703
 0.1787114728267106 0.4399092216387633
 0.2204601069130275 0.4911537130907345
 0.2378851791418782 0.6210303645609099
 0.1592451796352719 0.4026099041232878
 0.2233212713349753 0.4316119133815657
 0.2179511456665356 0.4635602524525712
 0.1141841772379867 0.4498823122572098
 0.1807414988452271 0.449872635848516
 0.2111309663896485 0.4173430734626318
 0.2140211056755081 0.6109467929215342
 0.2335605583314925 0.6215929205198107
 0.2488264785694702 0.5545745691874884
 0.2399538859924245 0.6210972835841222
 0.07252989351438652 0.107122430037513
 0.1207825198623402 0.1474392858360185
 0.09404709611132905 0.08545322577855752
 0.1855732471956295 0.114214885423672
 0.1977436859675789 0.01694795635662615
 0.2109435236550112 0.02839036748299398
 0.1776304916567306 0.1693920868575886
 0.2433002908528429 0.162689674115071
 0.2639114722458649 0.0928674794263419
 0.1957529107118745 0.08615981082422355
 0.186533332975664 0.08512499401496049
 0.1233996106305707 0.2487908382991535
 0.1523002098933936 0.2723479816588951
 0.3481557772360417 0.2706679380210802
 0.3001022492747223 0.233674686545963
 0.2601803000957397 0.1779289736044902
 0.2417796895244069 0.1246090266085201
 0.3245747810805041 0.01140632189608326
 0.2473911564223427 0.08276759046476817
 0.2024021976176716 0.4235800473213556
 0.138041897186793 0.2918089229901672
 0.1523294543462602 0.1284971082410213
 0.1083752937398273 0.1736511522104
 0.123643273912572 0.4219458287898079
 0.1475816085123391 0.2282712022334345
 0.1331559878263922 0.3367228573704616
 0.1962938548055966 0.2956712215354472
 0.2203309551285602 0.4125064262805587
 0.2726858555427464 0.4935354372777734
 0.2557611471839476 0.4967585360913883
 0.2696634198848784 0.4923415142011668
 0.283119538344153 0.5358939808532517
 0.2871852674502702 0.5335137192409939
 0.291821498594625 0.5366583003409295
 0.3091244209775044 0.5369428534441657
 0.2545122043075468 0.5508269399612528
 0.1838098877673934 0.3576916443148656
 0.1976315625079062 0.5040267881919162
 0.2337194254144918 0.5110263139880812
 0.2379827014021889 0.510682243517385
 0.2283904665800914 0.5160676537506084
 0.2326207562556802 0.5246400684030876
 0.2787059026669024 0.476551536802243
 0.3463197570063928 0.3768478409219829
 0.3189961741272399 0.4265332480363481
 0.3434558632256874 0.4566560939756612
 0.3195017093052167 0.4531446586752714
 0.2439783532251222 0.3322551749475923
 0.2446642621772505 0.2558765153008353
 0.266944731782068 0.2709741843834538
 0.2742040880813209 0.2723329992027426
 0.2547408647551017 0.2647405861330763
 0.2563932160386211 0.2803104119549717
 0.2796675458199142 0.2933675705305912
 0.2791524117562825 0.2937325320193364
 0.2907520207176137 0.3142283524215109
 0.2872614871720542 0.3104096579111091
 0.2706800127093391 0.307004748610706
 0.288116272077129 0.3306121949936
 0.2999029163966899 0.3488803178462175
 0.314468947927078 0.3579778984911467
 0.3014113597490907 0.3720458145992013
 0.3475500999172194 0.3962663375782053
 0.3257842140548249 0.3623033486002937
 0.3550832778808603 0.4261794505053098
 0.3477329979691505 0.4366559286805343
 0.372771541387258 0.4596834390009823
 0.3556480303556781 0.4399810278536391
 0.3565079741247776 0.4288905929009496
 0.3669388938409598 0.4179472357455721
 0.3357834799665492 0.3888445809158412


