# Created by Octave 4.0.0, Thu Apr 26 18:32:09 2018 CEST <olethros@olethros-OptiPlex-9010>
# name: PU
# type: matrix
# rows: 100
# columns: 2
 0.5097551170249282 0.4999999999999999
 0.3788658487086362 0.3791227880970644
 0.4318164874941391 0.6060525403747886
 0.3924966130296519 0.406866388082282
 0.3782644917170146 0.3912526062375289
 0.3970652372276293 0.4225945680191488
 0.4476642777150047 0.5426022131869168
 0.5922892130959192 0.4651739924219149
 0.591953116686771 0.4651739924219149
 0.5948851273327722 0.4651739924219149
 0.5955510871818849 0.4636591398058331
 0.6192761998945361 0.5237610112875263
 0.5880910191651875 0.5936654055743519
 0.5870311465140625 0.590253904127743
 0.6111084694640745 0.5813799196135819
 0.6257908734479984 0.6025712674487843
 0.6244990280813589 0.60658208557544
 0.6227952585403881 0.5947014199736244
 0.6230662679800333 0.5913940786917633
 0.6306854997118398 0.646034706450879
 0.6275449299068787 0.5984791497047575
 0.6329778358084059 0.6516051281081645
 0.633497297062464 0.6400265256071215
 0.6318360084140604 0.6282927742112743
 0.630736538440959 0.6339442752227427
 0.6342564701469927 0.6407092043346756
 0.634636684121449 0.6443630558969617
 0.6351206580133271 0.6397531775012113
 0.6349790284910849 0.6388002558030027
 0.6346173529843266 0.6389892832791487
 0.6333758459451463 0.6386103908945335
 0.6450650897315607 0.6573137910822021
 0.6529528634147724 0.6668248443923124
 0.6539181767309231 0.6622015104358279
 0.652861860248832 0.6665131125664493
 0.6524183379226605 0.6676467084596989
 0.6679545172210279 0.6983361984507711
 0.6709422535578491 0.7201176182000544
 0.6679557515787226 0.7007833225432007
 0.6664647216890243 0.6977034284344148
 0.6960642657254184 0.7451764030233973
 0.7410773988660758 0.7659227314776993
 0.738873241208664 0.7772713087292971
 0.7351368029952055 0.7748905463630704
 0.7674711994307415 0.7898956334728598
 0.7640611490976799 0.7784734439906998
 0.7544618041216145 0.7815985630479202
 0.7637059310920389 0.7853654193469438
 0.7650615902864675 0.7763156879875869
 0.7771809819494986 0.807370979511592
 0.774926410763328 0.8098024885860478
 0.7637548644027929 0.7876252581996953
 0.7387896141566895 0.768412274820227
 0.7481118125420563 0.7973575385438719
 0.780355272476087 0.7966892708873837
 0.7823530267112013 0.7935047641342172
 0.7859038956877414 0.7960439361364979
 0.7724109811781683 0.8035344858200907
 0.7714335376865225 0.8029311536044356
 0.7783050773959317 0.8048803806747181
 0.7769381298015244 0.8037833203805173
 0.7817573152368537 0.8090955973683817
 0.7873100438355519 0.8025905715296141
 0.7836524989699309 0.7992148583943821
 0.7857674582664895 0.8078547169650649
 0.7835286972275658 0.8017224556340089
 0.7999436864290033 0.815793150938286
 0.8020792405820516 0.8158266328534916
 0.8052321385280167 0.8158266328534916
 0.8018888534963461 0.8158266328534916
 0.8017212360569188 0.8158266328534916
 0.7996224776370606 0.8158266328534916
 0.7997103682463821 0.8158266328534916
 0.7948366021036841 0.8158266328534916
 0.7842986715003641 0.8158266328534916
 0.7867725815628251 0.8158266328534916
 0.7843231523463359 0.8158266328534916
 0.788088485521435 0.8158266328534916
 0.796292991041686 0.8158266328534916
 0.7987826267616764 0.8158266328534916
 0.7937682795982161 0.8158266328534916
 0.791887394159444 0.8071498126176285
 0.7936905217311723 0.8061621586893771
 0.8091400047160441 0.8158266328534916
 0.8044955580221731 0.8158266328534916
 0.8012277211345309 0.8158266328534916
 0.8035767584328565 0.8158266328534916
 0.7956507582996816 0.8122087213107364
 0.8125121670216664 0.8158266328534916
 0.811842902418381 0.8158266328534916
 0.8070763477496096 0.8158266328534916
 0.8113400572952918 0.8158266328534916
 0.811985592028388 0.8158266328534916
 0.8063871103698884 0.8158266328534916
 0.8051280847770722 0.8158266328534916
 0.8069620734584001 0.8158266328534916
 0.8049768751551918 0.8158266328534916
 0.8022441858674879 0.8158266328534916
 0.7992882650418898 0.8158266328534916
 0.79898646792106 0.8158266328534916


# name: PF
# type: matrix
# rows: 100
# columns: 2
 0.03444281776373079 4.232725281383409e-16
 0.01992910051721624 0.009894265252967679
 0.07765798371943762 0.04999412300215485
 0.05988594780093183 0.1220827381394006
 0.04358692455792609 0.05542750183660974
 0.06371852976540834 0.2958055457390988
 0.06480556312251046 0.2449490529573789
 0.1570182259142683 0.6003189441865623
 0.1582718211350382 0.6003189441865623
 0.1452653406190768 0.6003189441865623
 0.1632691845654129 0.5973145902733029
 0.1328200563331899 0.4802353626121689
 0.4473071845481122 1.038194281282121
 0.4205420569669772 0.9332582100694364
 0.3592294199774853 0.7813550385996693
 0.2008302460263197 0.7741395391167855
 0.06527699449980177 0.5110514107217565
 0.05057245631006516 0.6359075555148803
 0.08868981063716778 0.6845296129540274
 0.06725484403369819 0.2675026996522283
 0.0389249255870425 0.321589250758024
 0.1011842689145359 0.6440535019822424
 0.09328941477745684 0.7256121454649862
 0.1213002515739528 0.8382735751690681
 0.1114261487982241 0.8407968070561199
 0.05581595052382618 0.1112547651287876
 0.08834012769752012 0.340872306112133
 0.06940401791475079 0.1037339955096184
 0.06042045953261707 0.1139610826419221
 0.06200763095757117 0.09772467416376369
 0.05921823311841369 0.09474404408581563
 0.05981310206873523 0.2508844655017797
 0.1118016854970139 0.3391638540488523
 0.08096535930132437 0.3843676551530133
 0.1028380188626277 0.3279597009442882
 0.1054217550703745 0.2955921622179595
 0.1660427144814964 0.5718926106506822
 0.1060889107258057 0.4354452088020383
 0.1424860223068018 0.4021799262478277
 0.1355947278192842 0.4305183419926964
 0.2851032897582719 0.6763879647201829
 0.4594236078260924 0.6086216491310807
 0.3626793614920911 0.5484975198428363
 0.3650099851403153 0.5588578209961464
 0.442472293192597 0.5153190965388206
 0.4470468445403445 0.5390812567979626
 0.3987752703258463 0.4280185829735483
 0.3930959197129414 0.5016296309048619
 0.4403794441676063 0.5285871922961412
 0.4153380154904194 0.4679552472306373
 0.3908583454858311 0.4549284501076969
 0.3994426474682647 0.5021403992454883
 0.3145017353699264 0.425996523623726
 0.2896715235449525 0.2895984081072817
 0.2656102001796878 0.2845054302579006
 0.2535304197880648 0.2602357799200227
 0.270839328573731 0.2795872278583269
 0.2364297905717264 0.336673940417041
 0.2210478750934435 0.3320758462547454
 0.2715041886426048 0.346931226723901
 0.2429764172892353 0.3385703495760193
 0.2719824913259491 0.3790560872386025
 0.2812675824512497 0.3294802141810974
 0.2586928064671108 0.3037533485207883
 0.2746593021518354 0.3695991333572281
 0.2678699602917468 0.3228641599936971
 0.3360121260120945 0.4300992458373887
 0.3607706712472606 0.4303544170264199
 0.360075255728015 0.4303544170264199
 0.3501065707863081 0.4303544170264199
 0.3489591823492478 0.4303544170264199
 0.3436966086020373 0.4303544170264199
 0.337747327811547 0.4303544170264199
 0.326475137399899 0.4303544170264199
 0.2753361940815632 0.4303544170264199
 0.282843307534775 0.4303544170264199
 0.2776619845541054 0.4303544170264199
 0.2929909857141084 0.4303544170264199
 0.3489289531432069 0.4303544170264199
 0.3624392910990679 0.4303544170264199
 0.3407964510486843 0.4303544170264199
 0.3306548088631973 0.3941160662703984
 0.338039015752494 0.389991173912988
 0.403022422099312 0.4303544170264199
 0.3865493358047894 0.4303544170264199
 0.3700846367792118 0.4303544170264199
 0.3800212692709306 0.4303544170264199
 0.3457841934102847 0.4152443716495746
 0.4170894886302968 0.4303544170264199
 0.4145746052727031 0.4303544170264199
 0.3942080048387036 0.4303544170264199
 0.413177427513411 0.4303544170264199
 0.4145033800611051 0.4303544170264199
 0.3905377083496184 0.4303544170264199
 0.3856893440009121 0.4303544170264199
 0.3931299970433074 0.4303544170264199
 0.386504684908336 0.4303544170264199
 0.371802417851753 0.4303544170264199
 0.3615512719606363 0.4303544170264199
 0.3613521021329785 0.4303544170264199


