# Created by Octave 4.0.0, Thu Apr 26 18:27:48 2018 CEST <olethros@olethros-OptiPlex-9010>
# name: PU
# type: matrix
# rows: 100
# columns: 2
 0.5027785654361997 0.4999999999999998
 0.4558863210247752 0.4535032178295313
 0.471816664932974 0.4711916503295139
 0.4608764205706647 0.5099288803873817
 0.5847191433807682 0.5682654262992701
 0.5864180285473438 0.5863108498551941
 0.5471358714415505 0.519224969643036
 0.5521574466222271 0.5346067212567674
 0.5263003201026608 0.4895446595836656
 0.4818535381525756 0.4712767329126881
 0.5521316491999759 0.5502037770326137
 0.5764241841960882 0.5599754289064908
 0.6149428957302359 0.6049511359466158
 0.6031148384994437 0.5991818434181665
 0.6184981039589933 0.629104815853865
 0.6179232158200287 0.6142533362934778
 0.6195670468505899 0.6260281107071241
 0.621059024210068 0.6147495533964081
 0.6213024832017939 0.6316220975891078
 0.6238800931242057 0.6246653314595606
 0.6229587315587897 0.6293789509958568
 0.6262931983615627 0.629029489561798
 0.6233840293087739 0.6247434573889183
 0.6173658078598745 0.6023042579684122
 0.6173225165114496 0.6046960725506382
 0.6182601715161781 0.6270616761673413
 0.6480146198268465 0.6550622923184333
 0.6481700974809944 0.6414436167710642
 0.6523578105038585 0.6473530326235197
 0.6515940565630546 0.6463056071191121
 0.6548738836380213 0.6550622923184333
 0.6550622923184333 0.6550622923184333
 0.6547433388436509 0.6550622923184333
 0.6548669033655706 0.6550622923184333
 0.6746386550692155 0.6863377702125689
 0.6861052125657273 0.6863377702125689
 0.6859824371172647 0.6863377702125689
 0.6862719844712782 0.6863377702125689
 0.686088869209776 0.6863377702125689
 0.6862170059190785 0.6863377702125689
 0.6862009510822207 0.6863377702125689
 0.6825545968339283 0.6863377702125689
 0.6823641458705656 0.6863377702125689
 0.683013764789396 0.6863377702125689
 0.6843198889780086 0.6863377702125689
 0.6841368927817046 0.6863377702125689
 0.6860885364250568 0.6863377702125689
 0.6858889331158098 0.6863377702125689
 0.6857987433820912 0.6863377702125689
 0.686155664569767 0.6863377702125689
 0.6862439958084564 0.6863377702125689
 0.6861973712164315 0.6863377702125689
 0.6787681663191966 0.683447042600889
 0.6809455504019443 0.6834090103048349
 0.6788692429074962 0.6827701857670478
 0.6771674529162488 0.6827701857670478
 0.6779565686652451 0.6827701857670478
 0.6759652450596201 0.6827701857670478
 0.6770511405523086 0.6827701857670478
 0.6780123580636078 0.6827701857670478
 0.6824577547067384 0.6827701857670478
 0.6821625728383788 0.6827701857670478
 0.6809454602699034 0.6827701857670478
 0.6819765540426557 0.6827701857670478
 0.6823969442000678 0.6827701857670478
 0.6811590869138979 0.6827701857670478
 0.681871191923432 0.6827701857670478
 0.6825683943304958 0.6827701857670478
 0.6827232888118824 0.6827701857670478
 0.6824147893951557 0.6827701857670478
 0.6826278509400968 0.6827701857670478
 0.682658155971907 0.6827701857670478
 0.686125603497404 0.6863377702125689
 0.6862694559033546 0.6863377702125689
 0.6859576974110994 0.6863377702125689
 0.6857692522859569 0.6863377702125689
 0.6830855467361316 0.6827701857670478
 0.6830826017615758 0.6827701857670478
 0.6826509465572824 0.6827701857670478
 0.682430066698884 0.6827701857670478
 0.6826652299479441 0.6827701857670478
 0.682536767948357 0.6827701857670478
 0.6826842367084046 0.6827701857670478
 0.6826701529143224 0.6827701857670478
 0.6827724988150404 0.6827701857670478
 0.6827865237885433 0.6827701857670478
 0.6827200704890888 0.6827701857670478
 0.6826750200729154 0.6827701857670478
 0.6827744552892016 0.6827701857670478
 0.6827744288613991 0.6827701857670478
 0.6806817181356468 0.6827701857670478
 0.6812384606436632 0.6827701857670478
 0.681325816336067 0.6827701857670478
 0.6815804083163897 0.6827701857670478
 0.6812213382189991 0.6827701857670478
 0.6855843493373888 0.6863377702125689
 0.6808439182234735 0.6827701857670478
 0.6835238535691892 0.6830386959194351
 0.6833209806782646 0.682962448197574
 0.6829414131653414 0.6827701857670478


# name: PF
# type: matrix
# rows: 100
# columns: 2
 0.1743896681486385 4.163336342344337e-16
 0.09007402504868489 0.02438193584277433
 0.08767923708920894 0.1888983737494746
 0.07078278393599864 0.7606902768519946
 1.062567385173923 1.043777510006858
 1.057922446764989 0.8997617562193614
 1.029295565419121 0.9232570757546085
 0.9722832405355551 0.9491912502810518
 0.8987588475316812 0.7903515283592266
 0.8013614055107774 0.7400082158104859
 0.9692784145524358 0.9150113502758738
 1.131368481677787 1.015927132692748
 1.122340540683186 0.9172922321720609
 1.087579356676624 0.8722918852033751
 1.150085669152544 1.262671742812332
 1.161963407320542 1.108522793284213
 1.202809776957641 1.2602758930892
 1.249357043650368 1.342317682861287
 1.22498844396487 1.293597747922997
 1.29060891701906 1.362345145733718
 1.293886154366369 1.300204069094727
 1.326045954335051 1.402225432849299
 1.270424633533717 1.377426489390542
 1.257627624468674 1.338801599843907
 1.305512938233862 1.423497768205012
 1.196569234965648 1.358665324246471
 1.235002762315622 1.1247389423483
 1.22825258614965 1.341051161227064
 1.156845771438729 1.24718896068665
 1.17519400280992 1.263825742595476
 1.120729754298627 1.1247389423483
 1.1247389423483 1.1247389423483
 1.121517179529584 1.1247389423483
 1.123988126647812 1.1247389423483
 1.092484026527253 1.073276941800464
 1.07132035546734 1.073276941800464
 1.071626922126853 1.073276941800464
 1.072997872590459 1.073276941800464
 1.073238717024428 1.073276941800464
 1.073374546812761 1.073276941800464
 1.072822398911755 1.073276941800464
 1.12809274051079 1.073276941800464
 1.131484808631981 1.073276941800464
 1.121357243278425 1.073276941800464
 1.102534064631274 1.073276941800464
 1.107493335114166 1.073276941800464
 1.074237214379921 1.073276941800464
 1.076961163728187 1.073276941800464
 1.071372831364966 1.073276941800464
 1.074025406041545 1.073276941800464
 1.07285247340237 1.073276941800464
 1.068657820143416 1.073276941800464
 1.04038499647512 0.9543383454445704
 1.005228763964402 0.9527735117706621
 0.9910453283854358 0.9264891626209539
 1.011145544896826 0.9264891626209539
 1.003194952287936 0.9264891626209539
 1.034398864622107 0.9264891626209539
 1.016876508799389 0.9264891626209539
 1.002567017955667 0.9264891626209539
 0.93208732213941 0.9264891626209539
 0.9360059067805673 0.9264891626209539
 0.9571179177595805 0.9264891626209539
 0.9383295876439532 0.9264891626209539
 0.9394049075442252 0.9264891626209539
 0.9541299788443631 0.9264891626209539
 0.9401546626331101 0.9264891626209539
 0.9283975970762006 0.9264891626209539
 0.9284784275976302 0.9264891626209539
 0.9287535309473233 0.9264891626209539
 0.9239309455228518 0.9264891626209539
 0.9289825977811463 0.9264891626209539
 1.069242016966678 1.073276941800464
 1.073998478067018 1.073276941800464
 1.065178735657481 1.073276941800464
 1.060303695740344 1.073276941800464
 0.9414445248106279 0.9264891626209539
 0.9404085403079028 0.9264891626209539
 0.926483856715399 0.9264891626209539
 0.9275734941262016 0.9264891626209539
 0.9272839086728826 0.9264891626209539
 0.9272881613247702 0.9264891626209539
 0.9245458993378562 0.9264891626209539
 0.9240825409802347 0.9264891626209539
 0.9265843326675681 0.9264891626209539
 0.9271613883042277 0.9264891626209539
 0.925027443221498 0.9264891626209539
 0.9252171516251855 0.9264891626209539
 0.9266648315321393 0.9264891626209539
 0.9275239893218673 0.9264891626209539
 0.9599255054184057 0.9264891626209539
 0.948879161249123 0.9264891626209539
 0.9408997295403179 0.9264891626209539
 0.9408397005185031 0.9264891626209539
 0.9482152625685203 0.9264891626209539
 1.055985934387683 1.073276941800464
 0.9680793797462643 0.9264891626209539
 0.9574987223398091 0.9375369765011735
 0.9560017892996825 0.9343997743044492
 0.9432558861713254 0.9264891626209539


