# Created by Octave 4.0.0, Fri Apr 20 17:11:21 2018 CEST <olethros@olethros-OptiPlex-9010>
# name: PU
# type: matrix
# ndims: 3
 100 5 2
 0.5248257055938442
 0.5248011775742811
 0.4344745034552641
 0.5148566809167092
 0.5880026857034905
 0.4345251167042616
 0.4855022074736675
 0.578799002198271
 0.5828499228155654
 0.5746192007769354
 0.6422134366412734
 0.6447832072898566
 0.6484267672446526
 0.6500786716039955
 0.6448599219463239
 0.6448589817668002
 0.6500735271133438
 0.6501052342531199
 0.6502456742965146
 0.6505230446187739
 0.6504513986512348
 0.6504768196517886
 0.6503927725265032
 0.6505745099148637
 0.6505409736449648
 0.6505882263560705
 0.650485999614247
 0.6506119891788623
 0.650556835205915
 0.6504042201927441
 0.6505204292858392
 0.6506133594730567
 0.6503743020074337
 0.6503170096047628
 0.6503367211620391
 0.6504956851228626
 0.6506133605463118
 0.6504622210659818
 0.6504708625267577
 0.6506133606036151
 0.6503651869058019
 0.6506133606204157
 0.6506005797351857
 0.6505201574354418
 0.650613360622992
 0.6505491967647129
 0.6503859450603092
 0.6504792669260799
 0.6506133606240587
 0.6504253528253342
 0.6504062604012152
 0.6503718366981494
 0.6504767653356902
 0.6502626272757602
 0.6505969247549176
 0.650589156188591
 0.6504472147841976
 0.6505567080335839
 0.6504568180451279
 0.6505065631581755
 0.6503574994137264
 0.6503851907533399
 0.6505429020504253
 0.6503834626575382
 0.6503472934654754
 0.6504754566683093
 0.6502987162301821
 0.6505977401422778
 0.6505629226327394
 0.6505949218831371
 0.6505518395758423
 0.650613360624136
 0.6504884253511931
 0.650613360624136
 0.650613360624136
 0.6502664284318764
 0.6504940406210511
 0.650613360624136
 0.650613360624136
 0.6505420759263798
 0.650613360624136
 0.6503992882644127
 0.6502347665821933
 0.650613360624136
 0.6502846321898801
 0.650424627657076
 0.6505325980123078
 0.650613360624136
 0.6504579419000975
 0.6504644643789805
 0.650613360624136
 0.6503711804430714
 0.650448104272648
 0.6504887495030944
 0.650613360624136
 0.6506018363002075
 0.650613360624136
 0.6502428940491547
 0.6505464918361521
 0.650553714893455
 0.5248215749855064
 0.5226271485321082
 0.6320602907258863
 0.617436425299567
 0.6500526569340077
 0.6500785999356352
 0.6497079037284484
 0.6500777681790919
 0.6500903763659156
 0.6500955367919554
 0.650095957811343
 0.6500964581996402
 0.6500971742303662
 0.6500973316971972
 0.6500973696913227
 0.6500973869754195
 0.6500973563671423
 0.6500973778149118
 0.6500973833834874
 0.6500973877768678
 0.6500973919923028
 0.650097393616706
 0.6500973953135171
 0.6500973960808504
 0.6500973965594057
 0.6500973967360859
 0.6500973967803586
 0.6500973967839268
 0.6500973967894277
 0.6500973967939631
 0.6500973967962244
 0.6500973967968592
 0.650097396797098
 0.65009739679729
 0.6500973967971427
 0.6500973967972007
 0.6500973967973923
 0.6500973967974076
 0.6500973967971598
 0.6500973967973832
 0.6500973967974382
 0.6500973967974443
 0.6500973967974724
 0.6500973967974789
 0.6500973967974795
 0.6500973967974801
 0.6500973967974804
 0.6500973967974802
 0.6500973967974804
 0.6500973967974805
 0.6500973967974805
 0.6500973967974806
 0.6500973967974806
 0.6500973967974806
 0.6500973967974806
 0.6500973967974806
 0.6500973967974806
 0.6500973967974806
 0.6500973967974806
 0.6500973967974805
 0.6500973967974805
 0.6500973967974806
 0.6500973967974806
 0.6500973967974806
 0.6500973967974806
 0.6500973967974806
 0.6500973967974806
 0.6500973967974806
 0.6500973967974806
 0.6500973967974806
 0.6500973967974806
 0.6500973967974806
 0.6500973967974806
 0.6500973967974806
 0.6500973967974806
 0.6500973967974806
 0.6500973967974806
 0.6500973967974806
 0.6500973967974806
 0.6500973967974806
 0.6500973967974806
 0.6500973967974806
 0.6500973967974806
 0.6500973967974806
 0.6500973967974806
 0.6500973967974806
 0.6500973967974806
 0.6500973967974806
 0.6500973967974806
 0.6500973967974806
 0.6500973967974806
 0.6500973967974806
 0.6500973967974806
 0.6500973967974806
 0.6500973967974806
 0.6500973967974806
 0.6500973967974806
 0.6500973967974806
 0.6500973967974806
 0.6500973967974806
 0.5177974268923969
 0.5274292320723795
 0.5270596032296374
 0.5519808562101002
 0.5834546324479293
 0.5835022923225731
 0.5899384576396309
 0.6449542613429987
 0.648298353596012
 0.6495194762506806
 0.6500852061984633
 0.6492634991715831
 0.6500906299746783
 0.6500958549711512
 0.650096988261851
 0.6500960604965909
 0.6500966732395866
 0.6500968612551172
 0.6500967060338824
 0.6500972127650119
 0.6500971336873287
 0.650097193212999
 0.6500973515597629
 0.650097368855261
 0.6500973578711957
 0.6500973742386317
 0.6500973922848983
 0.650097392597402
 0.6500973959112
 0.6500973952353574
 0.6500973952889133
 0.6500973944137648
 0.6500973962766643
 0.6500973967677466
 0.6500973967787601
 0.6500973967930446
 0.6500973967941617
 0.6500973967970142
 0.6500973967973822
 0.6500973967974166
 0.6500973967974276
 0.6500973967974191
 0.6500973967973894
 0.6500973967974349
 0.6500973967974502
 0.6500973967974604
 0.6500973967974655
 0.6500973967974738
 0.650097396797475
 0.6500973967974757
 0.6500973967974791
 0.650097396797478
 0.6500973967974764
 0.650097396797479
 0.6500973967974799
 0.6500973967974801
 0.6500973967974802
 0.6500973967974804
 0.6500973967974804
 0.6500973967974804
 0.6500973967974804
 0.6500973967974804
 0.6500973967974804
 0.6500973967974805
 0.6500973967974805
 0.6500973967974806
 0.6500973967974806
 0.6500973967974806
 0.6500973967974806
 0.6500973967974806
 0.6500973967974806
 0.6500973967974806
 0.6500973967974806
 0.6500973967974806
 0.6500973967974806
 0.6500973967974806
 0.6500973967974806
 0.6500973967974806
 0.6500973967974806
 0.6500973967974806
 0.6500973967974806
 0.6500973967974806
 0.6500973967974806
 0.6500973967974806
 0.6500973967974806
 0.6500973967974806
 0.6500973967974806
 0.6500973967974806
 0.6500973967974806
 0.6500973967974806
 0.6500973967974806
 0.6500973967974806
 0.6500973967974806
 0.6500973967974806
 0.6500973967974806
 0.6500973967974806
 0.6500973967974806
 0.6500973967974806
 0.6500973967974806
 0.6500973967974806
 0.5240092964041986
 0.5224140918037473
 0.455151538158618
 0.5120238873946065
 0.5382419169473318
 0.546239060101032
 0.5985824230332933
 0.5921885152303987
 0.6281545009385752
 0.6497189280327361
 0.649011005911431
 0.6493555810636957
 0.6486138304643672
 0.6489084884443143
 0.6489303402181109
 0.6489579516484915
 0.6487308531554851
 0.6492654494360205
 0.6486390616206263
 0.6490631505947937
 0.6493256467218077
 0.6492032815320321
 0.6477945158270967
 0.649030835025306
 0.6486390971136103
 0.6487601661918636
 0.6492895422196764
 0.6488699311072194
 0.6488980972430426
 0.6491863786517419
 0.6488952247149702
 0.648125112485649
 0.6482805736213325
 0.6487821600422347
 0.6490761699562059
 0.6487662708812241
 0.6490431709169392
 0.6481780563432327
 0.6492784814787083
 0.648777770387215
 0.648444856170812
 0.6488456205417152
 0.6489048573096822
 0.6486689988746579
 0.6485079466420581
 0.6492341819924143
 0.6491925975264889
 0.6487110285119121
 0.6490534357409077
 0.6492077248452041
 0.6492120845590997
 0.6492134140319622
 0.6491268466394554
 0.6484874233619665
 0.6491483857785686
 0.6492275560014227
 0.6489574546819574
 0.6481771478148945
 0.6490430975228695
 0.6491471609560562
 0.6488570082633215
 0.6489871895097101
 0.6477492004366825
 0.6481957634779195
 0.6490548438483774
 0.6490012252374474
 0.6479891778311272
 0.6489861575575903
 0.649232314185329
 0.649313182379285
 0.6486854178279632
 0.6485290441194022
 0.6487803507343862
 0.6485857822432041
 0.6486587325418226
 0.6489361036004585
 0.648346998889389
 0.6484541058033839
 0.64901264210892
 0.6490475141352556
 0.6485819079072834
 0.648821833854984
 0.648210840983989
 0.6488369346562246
 0.6483448239550308
 0.6489587246020511
 0.6486418532827085
 0.6486333448901334
 0.6479527807971985
 0.6480768694163251
 0.6492015766632723
 0.6479941823566909
 0.6489097149097764
 0.6489012544828874
 0.6487411556712274
