# Created by Octave 4.0.0, Sat Apr 21 07:11:53 2018 CEST <olethros@olethros-OptiPlex-9010>
# name: PU
# type: matrix
# ndims: 3
 100 5 2
 0.4736637998047846
 0.5605728150822246
 0.5605784064341575
 0.560637853559225
 0.5606555611997537
 0.5606379271653111
 0.5695619299864469
 0.5606460048562264
 0.6548019406991206
 0.6856576572006799
 0.7205179935464822
 0.720538958531046
 0.7205420375894049
 0.7205394613571574
 0.7205103474277564
 0.6856704634363779
 0.7205727223325608
 0.7205605580718285
 0.7205671924903491
 0.7205747248663252
 0.7205788770343173
 0.7205785096165348
 0.7205797120188374
 0.720579226149622
 0.7205805262794215
 0.7205805460718681
 0.7205805437115308
 0.7205805455817285
 0.7205805390953508
 0.7205805470025427
 0.7205805424509827
 0.7205805444376158
 0.7205805359705273
 0.7205805280310017
 0.7205805436747927
 0.7205805458849842
 0.7205805451736312
 0.7205805472941031
 0.7205805470129543
 0.7205805465354947
 0.7205805440903016
 0.7205805467802925
 0.7205805432291451
 0.7205805335306396
 0.7205805442132571
 0.7205805434485661
 0.7205805465465518
 0.7205805477766968
 0.7205805471257759
 0.7205805481414906
 0.7205805481094046
 0.7205805481503605
 0.7205805481199593
 0.7205805481917429
 0.7205805481795778
 0.720580548170096
 0.7205805481413434
 0.7205805481334077
 0.7205805481632763
 0.7205805479273185
 0.7205805481154652
 0.7205805481726636
 0.7205805481454434
 0.7205805481925043
 0.7205805481868863
 0.7205805481742492
 0.7205805481908195
 0.7205805481849263
 0.720580548041575
 0.7205805481031639
 0.7205805480632571
 0.7205805482160522
 0.7205805482149206
 0.7205805482184738
 0.7205805482185268
 0.7205805482185296
 0.7205805482185292
 0.7205805482185288
 0.7205805482185241
 0.7205805482185107
 0.7205805482185018
 0.7205805482184314
 0.7205805482185144
 0.7205805482185275
 0.72058054821853
 0.7205805482185278
 0.7205805482185301
 0.7205805482185301
 0.72058054821853
 0.7205805482185302
 0.7205805482185301
 0.72058054821853
 0.7205805482185299
 0.72058054821853
 0.72058054821853
 0.72058054821853
 0.7205805482185296
 0.7205805482185298
 0.7205805482185279
 0.7205805482185291
 0.5473808524838166
 0.6893347227847237
 0.7100262229089185
 0.7173137290477657
 0.7205308892706688
 0.7205563117887342
 0.7205631588154192
 0.7205597919426391
 0.7205676535550811
 0.7205713498010737
 0.7205711778845434
 0.7205627237650472
 0.7205638391859166
 0.7205666259768521
 0.7205627539688427
 0.7205733086333223
 0.7205748805177579
 0.720577605575317
 0.72057940144099
 0.7205803882005029
 0.7205804696156403
 0.7205803784500258
 0.720580452181583
 0.7205804958062285
 0.7205805307434399
 0.7205805315959395
 0.7205805400068993
 0.7205805431186174
 0.720580546542008
 0.7205805473918263
 0.7205805475437319
 0.7205805478675785
 0.7205805479654878
 0.7205805478781666
 0.720580547728632
 0.7205805454844901
 0.7205805461511632
 0.7205805459632044
 0.7205805474782724
 0.7205805480768667
 0.7205805480893388
 0.7205805481761276
 0.7205805481864213
 0.7205805482168927
 0.7205805482171465
 0.7205805482176525
 0.720580548217892
 0.7205805482182188
 0.7205805482183323
 0.7205805482183805
 0.7205805482176777
 0.7205805482179096
 0.7205805482180626
 0.7205805482181037
 0.7205805482183901
 0.7205805482183768
 0.7205805482182935
 0.7205805482184583
 0.7205805482184269
 0.7205805482185105
 0.7205805482185176
 0.720580548218524
 0.7205805482185256
 0.7205805482185236
 0.7205805482185199
 0.7205805482185231
 0.720580548218528
 0.7205805482185282
 0.7205805482185289
 0.7205805482185283
 0.7205805482185276
 0.7205805482185262
 0.7205805482185289
 0.7205805482185289
 0.7205805482185289
 0.7205805482185289
 0.7205805482185289
 0.7205805482185293
 0.7205805482185289
 0.7205805482185293
 0.7205805482185297
 0.7205805482185302
 0.72058054821853
 0.7205805482185301
 0.7205805482185301
 0.7205805482185301
 0.7205805482185301
 0.7205805482185302
 0.7205805482185301
 0.7205805482185301
 0.7205805482185301
 0.7205805482185302
 0.7205805482185302
 0.7205805482185301
 0.7205805482185301
 0.7205805482185301
 0.7205805482185301
 0.7205805482185301
 0.7205805482185301
 0.7205805482185302
 0.5366600879144587
 0.7017345697358862
 0.7087882821114468
 0.7142462680877881
 0.705488312839553
 0.7104676217759406
 0.7112975095996549
 0.7100106552242196
 0.7097161411530812
 0.7030125048540058
 0.7029388906647855
 0.702504945851766
 0.7025913419336338
 0.7039058202955386
 0.7062253890286875
 0.7017779266217458
 0.7000989887990273
 0.7001755528555555
 0.7002496388902046
 0.7007815765329936
 0.7014363867817556
 0.7016366563242795
 0.7018575171260674
 0.7010462261237684
 0.7006352066853854
 0.7002035277507532
 0.7002887027424958
 0.699457557867093
 0.6993252530359721
 0.6993302751483795
 0.6993791597828143
 0.6993231879405691
 0.699301043199524
 0.6992834577504407
 0.6992854701790546
 0.6992880006596546
 0.699300765179652
 0.6992804811152638
 0.6992623996419357
 0.6992633499810018
 0.6992604023096982
 0.6992603249818928
 0.6992659068355948
 0.6992600402588753
 0.69925761771508
 0.6992620884137972
 0.6992616392702724
 0.6992702055147928
 0.6992590231552065
 0.6992591243026866
 0.6992586330225306
 0.6992575759673245
 0.699265286906633
 0.6992655590699306
 0.6992648113589373
 0.6992589720333242
 0.699263959644631
 0.699260989524733
 0.6992683563489831
 0.6992592266184094
 0.6992618997414788
 0.6992608129254397
 0.6992592959344298
 0.6992616425446652
 0.6992705585038803
 0.6992624462673219
 0.6992711060073489
 0.6992596493022016
 0.6992696762269314
 0.6992649987118734
 0.699259901384085
 0.6992600365786567
 0.6992596873486108
 0.6992681959093113
 0.6992597744314607
 0.6992595351282599
 0.6992755876995014
 0.699269174245145
 0.699263357173985
 0.6992624979802653
 0.6992582735689702
 0.6992610359822393
 0.6992707131508995
 0.6992592366280025
 0.6992682337377705
 0.6992642081482006
 0.6992618506398695
 0.6992627313110772
 0.6992617914380467
 0.6992650379511568
 0.6992619631871634
 0.699284459844795
 0.6992661816269677
 0.6992662464131755
 0.6992634396571286
 0.6992643282270473
 0.6992619587119023
 0.6992658503356115
 0.699264396786745
 0.6992594542175216
 0.5326083895492876
 0.5556597868581415
 0.4985138630835028
 0.5509551846253405
 0.6781936064637973
 0.6717016786696905
 0.6722639780836004
 0.6818576564909742
 0.6738206981105341
 0.673122641015232
 0.6726792498695442
 0.6834117061652546
 0.6826156078274213
 0.6809708568709043
 0.6789074947986748
 0.6784008743725577
 0.6766073086541931
 0.6842820157632596
 0.6842292537301892
 0.6842199538042701
 0.6842231547695421
 0.6842219345749353
 0.6842175298428816
 0.6842159788149464
 0.6842127179022994
 0.6842131927879687
 0.6842139738618926
 0.6842097700526247
 0.6842144381334098
 0.6842137673111638
 0.6842104440805775
 0.6842144075833623
 0.6842139541860669
 0.6842137320616462
 0.6842137012372786
 0.6842141084419809
 0.6842140742724201
 0.6842140814868197
 0.684214097650883
 0.6842140694408487
 0.6842110817573832
 0.6842141085266481
 0.6842128574509079
 0.684211954970374
 0.6842138364188994
 0.6842140931234777
 0.684213862439743
 0.6842140481734055
 0.68421337629418
 0.6842134017703188
 0.6842136511360961
 0.6842139965579047
 0.6842139258435899
 0.6842130265478245
 0.6842140187905101
 0.684214014725664
 0.6842128540944604
 0.6842139554570446
 0.6842138228062064
 0.6842139749982519
 0.6842140388604935
 0.6842137902455488
 0.6842073210655953
 0.6842135433351658
 0.6842140075078463
 0.6842139844717654
 0.6842139200947233
 0.6842138941716961
 0.6842140400326168
 0.6842139480422029
 0.6842140412571186
 0.6842140355602976
 0.6842139646280946
 0.6842139539988202
 0.6842126026012768
 0.6842140387219481
 0.6842137669094434
 0.6842134369519276
 0.6842139668825968
 0.6842139501808749
 0.6842132458014123
 0.6842120288383312
 0.6842140210033565
 0.6842140351704779
 0.6842135248407154
 0.6842131818614404
 0.6842140261955819
 0.6842135349275315
 0.6842139769870239
 0.684213771319678
 0.6842134696833391
 0.6842138749219425
 0.6842134124672604
 0.684213632704138
 0.6842137243853684
