# Created by Octave 4.0.0, Sat Apr 21 07:13:40 2018 CEST <olethros@olethros-OptiPlex-9010>
# name: PU
# type: matrix
# ndims: 3
 100 5 2
 0.5727944357005841
 0.572626670880744
 0.6359125117052216
 0.5856973356505158
 0.6359179230197738
 0.6362764664446364
 0.6145867181464255
 0.6362860512073267
 0.6362985566509025
 0.6362941540413984
 0.6362975902025325
 0.6363005103939944
 0.6362758501471797
 0.6363026948618172
 0.6360517068688103
 0.6361793630055881
 0.6361917961948644
 0.6360410342774967
 0.6361257020733608
 0.636168664320194
 0.6361860295382397
 0.6362590315496661
 0.6362289015776131
 0.6362578737693376
 0.6360457507952272
 0.6362217864377567
 0.636170888558088
 0.6361296359569882
 0.6361760833203823
 0.6362847464551731
 0.6360842857473229
 0.6362065395436072
 0.6361712102433987
 0.6361448525133183
 0.6361742357274984
 0.63611953158838
 0.636080949602796
 0.6361587867791754
 0.6361788300247253
 0.6362155401801388
 0.6361973563644326
 0.6361070087689777
 0.6361770778507047
 0.6362743684268397
 0.6361422279219754
 0.636302765062585
 0.6361359972330057
 0.6361741812311962
 0.6362573528353227
 0.6361867460701766
 0.6362530283422142
 0.6362307825397386
 0.6360802761558747
 0.6360419713091935
 0.636302765062585
 0.6361807108206465
 0.6361702028652471
 0.6362054675722252
 0.6362141792239404
 0.6360260169427348
 0.6361296564318002
 0.6361763727718212
 0.636133479518922
 0.6361637511669622
 0.636302765062585
 0.6362572367968363
 0.6362449443603839
 0.6360196696088845
 0.6362041947666742
 0.6361436102621136
 0.6362559902710743
 0.6362615899233326
 0.6361717399161159
 0.6361015260357121
 0.6361569039801511
 0.636302765062585
 0.6362147291812483
 0.6361496212859857
 0.6362292678161849
 0.6362292681561075
 0.6362873123228736
 0.6360737331396734
 0.6360767385023083
 0.6360860743386135
 0.6361673835177744
 0.6361541915655669
 0.6361613590396478
 0.6360197685417878
 0.6361116618401161
 0.6362235795069324
 0.6362137394367223
 0.636302765062585
 0.6361117235395669
 0.6361907798237804
 0.6361931831950081
 0.6361978916862085
 0.6361157956449071
 0.6362094818411651
 0.6362168221455671
 0.636018170181317
 0.558243061411613
 0.4553906325235422
 0.5056276991536461
 0.4726987696442185
 0.4726907810138379
 0.4726855501493968
 0.4726853436932931
 0.4726851002469835
 0.4726893525190086
 0.4726854378253981
 0.4726851282058593
 0.4726850494313525
 0.4726850411882019
 0.6104110543550796
 0.620896073726642
 0.6160887532637503
 0.6189493526323372
 0.6209246731021909
 0.6198097542784139
 0.6192385282749771
 0.6209761239419911
 0.6206844120263899
 0.6196918249871486
 0.6187383985411911
 0.6197107860133936
 0.6197797399924415
 0.6196133749377207
 0.6196942807782935
 0.6194186094172062
 0.6196773566177765
 0.619700079277068
 0.6199231769963094
 0.6195987178129845
 0.6196740281083712
 0.6192332220136195
 0.6199700652804196
 0.6199729850079644
 0.6196880981156582
 0.6196798977751942
 0.6196654455837621
 0.6195001159180761
 0.6197745476975688
 0.6207633699724535
 0.6209189734162209
 0.6197082862085076
 0.6197633519091448
 0.6201035907006516
 0.6189821054174762
 0.6194455406973477
 0.6199488065802641
 0.6195578877296679
 0.6195638668179282
 0.6190142262787882
 0.6196864765850864
 0.6198467447905158
 0.6199405422896233
 0.6197406380882738
 0.6197714175575627
 0.6195260418340367
 0.6198937060399412
 0.619879230974679
 0.6188090703821754
 0.619239670477632
 0.6201105316367473
 0.6190104270660527
 0.6209999523224432
 0.6202748482296597
 0.6196641958600733
 0.6197061352254053
 0.6192645841637474
 0.6196330791183748
 0.6194488316296048
 0.619594912259028
 0.6197411189916293
 0.6196578305520932
 0.6206845740920741
 0.6196694111984952
 0.6196774896019105
 0.6195805673752709
 0.6199263177215837
 0.6188698053581297
 0.6197038265184919
 0.6193054162768483
 0.6196908594484466
 0.6197852530605811
 0.6187142080594996
 0.6190473226013413
 0.6196470365658646
 0.6196094553829702
 0.620518847695534
 0.6196603475386723
 0.6197006105625634
 0.6196038493720638
 0.6196221624442609
 0.6194082804112518
 0.6197355486072003
 0.6196143768849379
 0.6197077676680892
 0.6199868567787424
 0.6200082468753775
 0.5424195476194773
 0.4759608421964709
 0.5804053983831552
 0.5854669275514417
 0.5870278349911005
 0.5883277480112324
 0.5902737062505964
 0.5900341795653685
 0.5901734373964787
 0.590489007235014
 0.5904518974530337
 0.5909753277963234
 0.5903201207505311
 0.5899625200732286
 0.5898954781733768
 0.5909533044428157
 0.5896311373997946
 0.5907153981703784
 0.5910522691680035
 0.5898439181185325
 0.590481909644708
 0.59074464667142
 0.5903474599587754
 0.5902620126244821
 0.5896726467774596
 0.5898649696503323
 0.5908686285759613
 0.589885266348864
 0.5909147360126685
 0.5901023333710267
 0.590828432046024
 0.5904959493208511
 0.5905243728143312
 0.5892366647060286
 0.5908558239354313
 0.5905198318249943
 0.5901931647166816
 0.5900386071015288
 0.5911181899903302
 0.5911194866393928
 0.5902466181130557
 0.5902816434500351
 0.5902023924816691
 0.5899983151282209
 0.5900238508269451
 0.590747077046324
 0.5897067968039674
 0.5910815117936672
 0.5900475800334177
 0.5901318383858577
 0.5910117857342633
 0.5907726160278418
 0.590695516795339
 0.5902149914067859
 0.5894707701593219
 0.589375722995205
 0.5896866116283681
 0.589435003072021
 0.5902005284781379
 0.5897432149099334
 0.590509222498534
 0.5898085142188566
 0.5901043217435958
 0.5905564971381793
 0.5906734771400333
 0.5897866994904974
 0.5898919392025759
 0.5898441075532744
 0.5906557654937139
 0.5907123318404093
 0.5897908046523774
 0.5908811068033315
 0.5904352865832934
 0.5905164678047937
 0.5905196745673031
 0.5908574433819034
 0.5904547893923976
 0.5910822300070218
 0.5902220949213729
 0.5904302035229011
 0.5899258364408035
 0.5904099739893116
 0.5910565334977051
 0.5900666566538835
 0.5900222273089899
 0.5895427768660831
 0.5902563208340713
 0.5900563117843898
 0.5907769519117571
 0.590018298819872
 0.5898799370513442
 0.5896535644820317
 0.5899128530896375
 0.5906161926119819
 0.5903100425241751
 0.5913093666300868
 0.5909978403307032
 0.5902710958745182
 0.5903824399077396
 0.5896499649585396
 0.5585662482543302
 0.5691112321986123
 0.574194391608391
 0.5780032630535917
 0.5752828456784044
 0.5753980524661847
 0.5757329381563371
 0.5755273103005157
 0.5754958175620332
 0.5756642756418483
 0.5753315770360199
 0.5751496772234405
 0.5752552667566645
 0.5756789845350702
 0.5752719092138033
 0.5754525442289167
 0.5758326968391815
 0.5745600477059564
 0.5744856428845315
 0.5752011484931275
 0.5751674398816117
 0.5756768155130778
 0.5754349902448226
 0.5765586129755684
 0.5750143894501423
 0.5749852288834824
 0.5753195157253314
 0.5753789153001602
 0.5749421780581104
 0.5763642585121279
 0.5754410463595172
 0.575149282745716
 0.5751580258475759
 0.5758513026919801
 0.5757221702669602
 0.575614154562052
 0.5761697197828765
 0.5752795668744366
 0.574663900572088
 0.5754825450654149
 0.5753842315307651
 0.5749985664132028
 0.5751108790982
 0.5748388140398052
 0.5758087990963191
 0.5763020992865527
 0.5754784316866588
 0.5754409174703936
 0.5758536496877403
 0.5754138166972869
 0.5748732017343426
 0.5762401267037995
 0.5751604272152377
 0.5753148246972587
 0.5757895098298761
 0.575688386669325
 0.5748120016521114
 0.5756601021562523
 0.5756857326255281
 0.5752536273723742
 0.5753723912662781
 0.5749902260839597
 0.5755524973504386
 0.5762327654028538
 0.5744347772266465
 0.5756783472552967
 0.5758230932977929
 0.5751630374358961
 0.5755043536144592
 0.5748333702543438
 0.5760837181434459
 0.5753988500629641
 0.5746658502836992
 0.5756184394874961
 0.5758945561581001
 0.5747241112013073
 0.5754214669406327
 0.5757459263362176
 0.5755671074103801
 0.5754647099611534
 0.5758675474554563
 0.5756122993288911
 0.5754061974256335
 0.5750524112077465
 0.5747960792257777
 0.5751538145071914
 0.5753482332582754
 0.5759759683346881
 0.5753581861243039
 0.5753805256368252
 0.5755352774692798
 0.575875046522021
 0.575386774607055
 0.5754200695687292
 0.5751184594549457
