# Created by Octave 4.0.0, Sat Apr 21 07:15:17 2018 CEST <olethros@olethros-OptiPlex-9010>
# name: PU
# type: matrix
# ndims: 3
 100 5 2
 0.6578881936485885
 0.7407213785373612
 0.7407344692028588
 0.7440647784175195
 0.7440645383378074
 0.7440670713615394
 0.7440674683765319
 0.7440675614738872
 0.744067578626731
 0.7440675742695819
 0.7440675903882008
 0.7440675958885881
 0.7440675962803744
 0.7440675963907659
 0.7440675964351982
 0.7440675964404845
 0.7440675964322763
 0.7440675964328053
 0.7440675964179159
 0.7440675964084453
 0.7440675964309629
 0.744067596428702
 0.7440675964410606
 0.7440675964427681
 0.7440675964428248
 0.7440675964428431
 0.7440675964428491
 0.7440675964428507
 0.7440675964428514
 0.7440675964428516
 0.7440675964428515
 0.7440675964428515
 0.7440675964428516
 0.7440675964428516
 0.7440675964428516
 0.7440675964428516
 0.7440675964428516
 0.7440675964428516
 0.7440675964428516
 0.7440675964428516
 0.7440675964428516
 0.7440675964428516
 0.7440675964428516
 0.7440675964428516
 0.7440675964428516
 0.7440675964428516
 0.7440675964428516
 0.7440675964428516
 0.7440675964428516
 0.7440675964428516
 0.7440675964428516
 0.7440675964428516
 0.7440675964428516
 0.7440675964428516
 0.7440675964428516
 0.7440675964428516
 0.7440675964428516
 0.7440675964428516
 0.7440675964428516
 0.7440675964428516
 0.7440675964428516
 0.7440675964428516
 0.7440675964428516
 0.7440675964428516
 0.7440675964428516
 0.7440675964428516
 0.7440675964428516
 0.7440675964428516
 0.7440675964428516
 0.7440675964428516
 0.7440675964428516
 0.7440675964428516
 0.7440675964428516
 0.7440675964428516
 0.7440675964428516
 0.7440675964428516
 0.7440675964428516
 0.7440675964428516
 0.7440675964428516
 0.7440675964428516
 0.7440675964428516
 0.7440675964428516
 0.7440675964428516
 0.7440675964428516
 0.7440675964428516
 0.7440675964428516
 0.7440675964428516
 0.7440675964428516
 0.7440675964428516
 0.7440675964428516
 0.7440675964428516
 0.7440675964428516
 0.7440675964428516
 0.7440675964428516
 0.7440675964428516
 0.7440675964428516
 0.7440675964428516
 0.7440675964428516
 0.7440675964428516
 0.7440675964428516
 0.6584436449504225
 0.6578784318172183
 0.653193913726168
 0.6458115783571908
 0.6514512698663441
 0.7353967771438271
 0.7360588583630406
 0.736100825837499
 0.7361053859655652
 0.7361029314041035
 0.7361096566957366
 0.7360811457569194
 0.7360709222648087
 0.736107964000392
 0.7360801056861405
 0.7360947726646413
 0.7360770070884118
 0.7360671651584419
 0.7360659783709338
 0.736065605992844
 0.7360654462418783
 0.7360653751330911
 0.7360653681892392
 0.7360653694931757
 0.7360653645257027
 0.7360653653685952
 0.7360653641724237
 0.7360653643832356
 0.7360653650783577
 0.7360653641201844
 0.7360653641952717
 0.7360653642823032
 0.7360653643363905
 0.736065364608908
 0.7360653637344313
 0.7360653638371075
 0.7360653636974732
 0.7360653637235871
 0.7360653636383572
 0.7360653636265211
 0.736065363624143
 0.7360653636229679
 0.7360653636243752
 0.7360653636226241
 0.736065363622983
 0.736065363622898
 0.7360653636224068
 0.7360653636234749
 0.7360653636232946
 0.7360653636222086
 0.7360653636221589
 0.7360653636228599
 0.7360653636228004
 0.7360653636246446
 0.7360653636226238
 0.7360653636235919
 0.7360653636230283
 0.7360653636250734
 0.736065363624409
 0.7360653636231946
 0.7360653636239493
 0.7360653636227698
 0.7360653636261703
 0.7360653636231621
 0.7360653636224197
 0.7360653636226157
 0.7360653636226573
 0.7360653636236377
 0.7360653636232645
 0.7360653636251262
 0.7360653636242152
 0.736065363621965
 0.7360653636219657
 0.7360653636233745
 0.7360653636229172
 0.7360653636230189
 0.7360653636226009
 0.7360653636230181
 0.7360653636227524
 0.7360653636235018
 0.7360653636238312
 0.7360653636226722
 0.7360653636225131
 0.7360653636236134
 0.7360653636243769
 0.7360653636221419
 0.7360653636228562
 0.7360653636234887
 0.7360653636234286
 0.7360653636227882
 0.7360653636220184
 0.7360653636235835
 0.7360653636235571
 0.7360653636239877
 0.7360653636228653
 0.7360653636224662
 0.7360653636240391
 0.73606536362219
 0.7360653636227291
 0.7360653636218162
 0.6696376674279398
 0.6773674079929265
 0.6833597936071885
 0.6953973825709203
 0.728696311578286
 0.7295634883342251
 0.7295441684258988
 0.7296231751311303
 0.7296457034411875
 0.729645886220179
 0.7296407798196366
 0.7296510760446953
 0.7295992820915778
 0.7296054357950659
 0.7296269301040613
 0.7296256075508597
 0.7296177258453478
 0.7296479720640403
 0.7296367484664743
 0.7296330450787316
 0.7296315113302421
 0.7296358805690057
 0.729621243422357
 0.7296119286820399
 0.7296192079029676
 0.72961602258749
 0.7296598077061833
 0.7296553994581789
 0.7296082337131646
 0.7296165780361794
 0.729639593732509
 0.7296352002315948
 0.7296447229533684
 0.7296362350240835
 0.7296340023837796
 0.7296402472193102
 0.7296387832686825
 0.7296222038720755
 0.7296312811097918
 0.7296090888148767
 0.7296339129651767
 0.7296399934149049
 0.7296146743640831
 0.7296306757006801
 0.7296247521254505
 0.7296377286470281
 0.7296202087081857
 0.7296416139594449
 0.729626599941705
 0.7296453268888031
 0.729625029678061
 0.7296194309891159
 0.7296307337555363
 0.7296520011047459
 0.7296251379065369
 0.7296398418147031
 0.729628747729152
 0.7296706479352928
 0.7296358574109627
 0.729641222534999
 0.7296487211075928
 0.7296373953275802
 0.7296273036592805
 0.7296492717818628
 0.7296403720402616
 0.7296519490178189
 0.7296178622148969
 0.7296261845419371
 0.7296172916384547
 0.7296043270673054
 0.7296727961379619
 0.7296539233661441
 0.7296411818537406
 0.7296424840581235
 0.7296459559388726
 0.7296290967684566
 0.7296451126518247
 0.7296377223189973
 0.7296356543406767
 0.7296029385184477
 0.7296372678689019
 0.7296430575745609
 0.7296311363302042
 0.7296136429633003
 0.7296493637016424
 0.7296587281297734
 0.7296476894123863
 0.7296615560409905
 0.7296595780307172
 0.7296522570634186
 0.7296369367458767
 0.7296384704011177
 0.7296172537161889
 0.7296164162047486
 0.7296385376021863
 0.7296516181818393
 0.7296478753807731
 0.7296138465116904
 0.7296159456307956
 0.729655983646374
 0.6748168121170701
 0.6714595270721899
 0.6783245818647823
 0.6746694722525659
 0.7195412131255653
 0.7223444827362597
 0.7223541525859131
 0.7223453842740222
 0.7223040643745088
 0.7223565717942544
 0.7223527068867172
 0.722340554195032
 0.7223570998555677
 0.7223658870920927
 0.7223720918343446
 0.7223721881254622
 0.722369592309167
 0.7223675494930705
 0.7223751090649093
 0.7223662582602278
 0.7223703885831257
 0.7223694802058703
 0.7223642381441798
 0.7223744170796339
 0.7223588454557102
 0.7223680222150123
 0.7223712335111802
 0.7223694250155985
 0.7223679025168439
 0.7223708108086478
 0.7223721006717971
 0.7223602105300274
 0.7223726192020327
 0.7223656986909824
 0.7223708027533909
 0.722374312238468
 0.7223721654207684
 0.7223684059774581
 0.7223554211318638
 0.7223724587918889
 0.7223721570325273
 0.7223724531550272
 0.722372358115403
 0.72237072769417
 0.7223706038586641
 0.7223587000662938
 0.722371604718969
 0.7223717544354616
 0.7223698410501789
 0.7223728313864772
 0.7223685239845844
 0.7223708535497105
 0.7223718325098402
 0.7223686830522108
 0.7223715934090423
 0.7223711042530937
 0.7223734121037049
 0.7223730300596958
 0.7223739022139278
 0.722370606937275
 0.722367080518252
 0.7223734517446022
 0.7223714918518576
 0.7223709220346901
 0.722374139436081
 0.7223679280701572
 0.7223724922000747
 0.7223761743343166
 0.7223631674665594
 0.7223619883447261
 0.7223743125837082
 0.7223717414856637
 0.7223712860483081
 0.7223759154299884
 0.7223665412030227
 0.7223712642263196
 0.7223703200163478
 0.7223671103992452
 0.7223668065161235
 0.7223750434591445
 0.7223741491307503
 0.7223708787101282
 0.72236859915161
 0.7223683551294372
 0.722373988312449
 0.7223625948741259
 0.7223739458635847
 0.722370418952466
 0.7223634671867499
 0.72237485785831
 0.7223738588549323
 0.722368826442774
 0.7223624445427567
 0.7223622778166903
 0.7223685739914774
