# Created by Octave 4.0.0, Fri Apr 20 17:13:20 2018 CEST <olethros@olethros-OptiPlex-9010>
# name: PU
# type: matrix
# ndims: 3
 100 5 2
 0.5221408110181223
 0.5890536600463044
 0.6526681058083109
 0.589708159362077
 0.6575876850946992
 0.6637852271684329
 0.6800518005908273
 0.680075242394238
 0.6800915273935358
 0.6801021786566827
 0.6801092463746108
 0.6801181625588069
 0.6801167426098664
 0.6800757071012828
 0.680112402543035
 0.6801198954388012
 0.6801213901763978
 0.680124990856569
 0.6801251364446044
 0.680125119845665
 0.6801249989799958
 0.6801251283647267
 0.6801251441286399
 0.6801251671348263
 0.6801251400026261
 0.6801251728818466
 0.6801251791016467
 0.6801251772073367
 0.6801251797892858
 0.6801251786484385
 0.6801251819622215
 0.6801251819342701
 0.6801251829622209
 0.6801251830001486
 0.6801251830093552
 0.6801251830089829
 0.6801251830134917
 0.6801251830012501
 0.6801251830057474
 0.6801251830154563
 0.6801251830151053
 0.6801251830142513
 0.6801251830156523
 0.680125183015972
 0.6801251830160447
 0.6801251830161245
 0.6801251830161273
 0.6801251830161277
 0.6801251830161279
 0.6801251830161279
 0.6801251830161279
 0.6801251830161279
 0.6801251830161279
 0.6801251830161278
 0.6801251830161279
 0.6801251830161279
 0.6801251830161279
 0.6801251830161279
 0.6801251830161279
 0.6801251830161279
 0.6801251830161279
 0.6801251830161279
 0.6801251830161279
 0.6801251830161279
 0.6801251830161279
 0.6801251830161279
 0.6801251830161279
 0.6801251830161279
 0.6801251830161279
 0.6801251830161279
 0.6801251830161279
 0.6801251830161279
 0.6801251830161279
 0.6801251830161279
 0.6801251830161279
 0.6801251830161279
 0.6801251830161279
 0.6801251830161279
 0.6801251830161279
 0.6801251830161279
 0.6801251830161279
 0.6801251830161279
 0.6801251830161279
 0.6801251830161279
 0.6801251830161279
 0.6801251830161279
 0.6801251830161279
 0.6801251830161279
 0.6801251830161279
 0.6801251830161279
 0.6801251830161279
 0.6801251830161279
 0.6801251830161279
 0.6801251830161279
 0.6801251830161279
 0.6801251830161279
 0.6801251830161279
 0.6801251830161279
 0.6801251830161279
 0.6801251830161279
 0.5186697479554793
 0.5978200486830982
 0.6113757792954744
 0.6526834981101871
 0.5897443389536854
 0.5891051863178315
 0.5644952403343012
 0.6586754054412673
 0.6793500361745503
 0.679398658097901
 0.6795016689500389
 0.679576447180803
 0.6795804987500439
 0.6795811186088537
 0.6795815750958669
 0.6795812626075037
 0.6795817369501167
 0.6795817506331748
 0.6795817892844646
 0.6795817987625299
 0.679581758132232
 0.6795817767891942
 0.6795817985207351
 0.6795818039872868
 0.6795818059464954
 0.6795818071295112
 0.6795818074274811
 0.6795818074545444
 0.6795818074892209
 0.6795818075092586
 0.6795818074723278
 0.679581807469138
 0.6795818074360385
 0.6795818074310703
 0.6795818074655618
 0.6795818075179672
 0.6795818075437957
 0.67958180754971
 0.6795818075495395
 0.6795818075527381
 0.6795818075530226
 0.6795818075535743
 0.6795818075536199
 0.679581807553615
 0.6795818075537104
 0.6795818075537381
 0.6795818075537337
 0.6795818075537337
 0.6795818075537463
 0.6795818075537463
 0.6795818075537469
 0.6795818075537483
 0.6795818075537482
 0.6795818075537483
 0.6795818075537491
 0.6795818075537489
 0.6795818075537502
 0.6795818075537502
 0.6795818075537504
 0.6795818075537493
 0.6795818075537493
 0.6795818075537494
 0.6795818075537494
 0.6795818075537494
 0.6795818075537481
 0.6795818075537494
 0.6795818075537499
 0.6795818075537494
 0.6795818075537494
 0.6795818075537494
 0.6795818075537494
 0.6795818075537505
 0.6795818075537492
 0.6795818075537494
 0.6795818075537503
 0.6795818075537494
 0.6795818075537483
 0.6795818075537492
 0.6795818075537514
 0.6795818075537483
 0.679581807553749
 0.6795818075537494
 0.6795818075537494
 0.679581807553749
 0.6795818075537494
 0.6795818075537494
 0.679581807553749
 0.6795818075537488
 0.6795818075537494
 0.6795818075537494
 0.6795818075537483
 0.6795818075537494
 0.6795818075537494
 0.6795818075537501
 0.6795818075537468
 0.6795818075537492
 0.6795818075537483
 0.6795818075537496
 0.6795818075537492
 0.6795818075537492
 0.5055464527437322
 0.526079453101935
 0.6155447617740868
 0.6704179408847416
 0.6467266654100746
 0.6561494244801489
 0.6563077061062653
 0.6536195106437576
 0.6620560585997927
 0.6618980011217486
 0.662779720950797
 0.6624537955166401
 0.6641792760728084
 0.6641857219086102
 0.665346659245035
 0.665440246093457
 0.6653920821992121
 0.6654378596694175
 0.6654508435664764
 0.6654046442479002
 0.6654202904338682
 0.6653939738417755
 0.6654239724215655
 0.6654565717918761
 0.6653793344577196
 0.6654479349412352
 0.6655040770873606
 0.6654182006036456
 0.665422163643374
 0.6654308896517352
 0.6653918594082754
 0.6653908557893369
 0.6654582516296991
 0.6654449538967776
 0.6654278586079428
 0.6653930249009423
 0.6654148692030508
 0.6654302583961698
 0.665422903724595
 0.6654559933195319
 0.6654072261614588
 0.6653987133756432
 0.6653801984703012
 0.6653929981489698
 0.6654212458721028
 0.6654525059185309
 0.6654077466611718
 0.66541771604986
 0.6653868273107338
 0.6654067774777301
 0.6654376894769384
 0.6654468220751482
 0.6654172797851674
 0.6654398102576686
 0.665420306372967
 0.6654159355865796
 0.6653957358967671
 0.6654349598438123
 0.6654771363884874
 0.6654345717614762
 0.6654573918507752
 0.6654087048345919
 0.6653605955384337
 0.6654021288926568
 0.665446469640038
 0.6653864726594605
 0.665437637369278
 0.6654273532428882
 0.6654311680322643
 0.6653962726805582
 0.6654538081085416
 0.6654150243650091
 0.6654100623105283
 0.6654448382390056
 0.6654199952888666
 0.6653838368896891
 0.6654478544484884
 0.6654685492368311
 0.6654305982480029
 0.665422774567785
 0.6654089088751055
 0.6654324196305557
 0.6654203476061045
 0.6654277218612865
 0.6654393175018914
 0.6653840954761832
 0.6654254639790596
 0.6654700880366535
 0.6654246182719122
 0.6654429041631454
 0.6654345176967792
 0.6654239783535083
 0.6653974306348102
 0.6654535051387619
 0.6654020659849624
 0.6654301121320184
 0.6654137580899436
 0.6654632220013862
 0.6654584359116584
 0.665449120015678
 0.5140992571043572
 0.5915767499931024
 0.6334684423444974
 0.6339089197943465
 0.6327850607378711
 0.6532588180833306
 0.6527512938559319
 0.6507923328977008
 0.6440476892750177
 0.6509000668232983
 0.6532765447775558
 0.6509034741819524
 0.6532835443482647
 0.6532841729286035
 0.6532840176100496
 0.6532842675015793
 0.6532843426037658
 0.6532843505770782
 0.6510632823501745
 0.6532843657219363
 0.6532843685882941
 0.6513462150827226
 0.6532843687296094
 0.6515514066753687
 0.6532843687463429
 0.653284368748412
 0.6532843687465167
 0.6532843687465012
 0.6532843687466785
 0.6532843687466615
 0.65328436873756
 0.6532843687151524
 0.6532843687075638
 0.6532843687451738
 0.6532843687456853
 0.6532843717894044
 0.6518235332463174
 0.6532843687413084
 0.6532843687457303
 0.6532843687467396
 0.6532843687465874
 0.6532844926463155
 0.6532843687470923
 0.6532843687470908
 0.6514496600911951
 0.653284368747128
 0.6527158108524804
 0.6532843687471281
 0.6519571745584364
 0.6532843687471297
 0.6532844649959312
 0.6532843687471286
 0.6532843687471293
 0.6532843687471286
 0.6532843687471286
 0.6517126832982447
 0.6532843687471538
 0.6532843687471286
 0.6532843687471286
 0.6532843689706294
 0.6532843687471286
 0.6532843687471286
 0.6532843687471286
 0.6531428458902511
 0.6532843687471286
 0.6532843687471286
 0.6532843721200684
 0.6521526164864302
 0.6532843687471286
 0.6527765281566414
 0.6532843832565434
 0.6532843687471286
 0.6532843705672955
 0.6532843687471286
 0.6512236027015401
 0.6520851638220928
 0.6532843687471286
 0.6528662401282481
 0.6519062370052102
 0.6526469505596176
 0.6532843687471286
 0.6532843687471286
 0.6532843687471286
 0.6532843775477392
 0.6532843687471286
 0.6532843687471286
 0.6532843948348985
 0.6532843687488111
 0.6532843705496526
 0.6528023043358879
 0.6532843687471286
 0.6532843687471286
 0.6532843687471286
 0.6532843687471285
