# Created by Octave 4.0.0, Fri Apr 20 17:05:07 2018 CEST <olethros@olethros-OptiPlex-9010>
# name: PU
# type: matrix
# ndims: 3
 100 5 2
 0.5279127278258263
 0.5279176295388425
 0.606219793069356
 0.6519765577355896
 0.6519779824164385
 0.6547688638622987
 0.6551427020286533
 0.6520069125976584
 0.6520091380473411
 0.6520142206499613
 0.6520108444245366
 0.6520030821715761
 0.6309054144931627
 0.6520127815024509
 0.6520117944460564
 0.655203295111165
 0.6558040263940791
 0.656353838026608
 0.6563547292544808
 0.6563548092808478
 0.6563547712416782
 0.6563548415404697
 0.6563548297402773
 0.6563548031806705
 0.6563548766231713
 0.6563548859662107
 0.6563548851666675
 0.6563548867176346
 0.6563548862807136
 0.6563548871130355
 0.6563548872513849
 0.6563548868837
 0.6563548868943136
 0.6563548873680209
 0.6563548874027721
 0.6563548873759236
 0.6563548873565332
 0.6563548874074635
 0.656354887429981
 0.6563548874376253
 0.6563548874407735
 0.6563548874421865
 0.6563548874408562
 0.6563548874399927
 0.6563548874411189
 0.656354887441931
 0.6563548874427421
 0.6563548874418877
 0.6563548874425849
 0.6563548874428357
 0.6563548874429344
 0.6563548874429738
 0.6563548874429896
 0.6563548874429992
 0.6563548874430002
 0.6563548874430001
 0.6563548874430004
 0.6563548874430006
 0.6563548874430005
 0.6563548874430006
 0.6563548874430005
 0.6563548874429997
 0.6563548874430002
 0.6563548874430004
 0.6563548874430006
 0.6563548874430005
 0.6563548874430007
 0.6563548874430007
 0.6563548874430007
 0.6563548874430007
 0.6563548874430007
 0.6563548874430007
 0.6563548874430007
 0.6563548874430007
 0.6563548874430007
 0.6563548874430007
 0.6563548874430007
 0.6563548874430007
 0.6563548874430007
 0.6563548874430007
 0.6563548874430007
 0.6563548874430007
 0.6563548874430007
 0.6563548874430007
 0.6563548874430007
 0.6563548874430007
 0.6563548874430007
 0.6563548874430007
 0.6563548874430007
 0.6563548874430007
 0.6563548874430007
 0.6563548874430007
 0.6563548874430007
 0.6563548874430007
 0.6563548874430007
 0.6563548874430007
 0.6563548874430007
 0.6563548874430007
 0.6563548874430007
 0.6563548874430007
 0.5279141088415209
 0.5381698061335455
 0.6493900244994457
 0.6498425666450992
 0.6510407735721023
 0.6495536950772599
 0.6494624349607662
 0.6494449123195246
 0.6494581982918942
 0.6495184595583866
 0.6495163712902492
 0.6495119176238964
 0.6495116599691274
 0.6495128024198782
 0.6495129109357358
 0.6495124774733385
 0.6495120906869049
 0.6495136705729405
 0.6495137481377173
 0.6495133477329547
 0.6495131559818487
 0.6495132675584318
 0.6495132697017222
 0.6495154222338926
 0.6495149045801534
 0.6495137288765793
 0.6495133463842193
 0.6495137553508249
 0.6495153345864529
 0.649513559642351
 0.6495138591372934
 0.6495132030204857
 0.6495132191711462
 0.6495131013868475
 0.6495131287577233
 0.6495131779813355
 0.6495131426654071
 0.6495131431197398
 0.6495131432515074
 0.6495131412907408
 0.6495131408630124
 0.6495131424986003
 0.6495131434856974
 0.6495131404726531
 0.6495131339599107
 0.6495131438868972
 0.6495131422232174
 0.6495131402673291
 0.6495131411498749
 0.6495131456455931
 0.6495131417765123
 0.649513143189174
 0.6495131408161684
 0.6495131452774162
 0.6495131399131036
 0.6495131450236369
 0.6495131452877984
 0.6495131420041319
 0.6495131420202009
 0.649513143142445
 0.6495131396922529
 0.6495131389247697
 0.6495131438742494
 0.6495131413016535
 0.6495131420683112
 0.6495131429567723
 0.6495131406983292
 0.6495131411621344
 0.6495131420436382
 0.6495131398524964
 0.6495131435309488
 0.6495131340100302
 0.6495131407007566
 0.6495131371918524
 0.6495131431032226
 0.64951314152238
 0.6495131425640327
 0.6495131427805383
 0.6495131400268181
 0.649513139848489
 0.6495131394319325
 0.6495131418873271
 0.6495131394154892
 0.6495131376260155
 0.6495131439730238
 0.6495131429298687
 0.6495131424059345
 0.6495131435980903
 0.6495131430370858
 0.6495131414069385
 0.6495131412062665
 0.649513144110119
 0.649513142932017
 0.6495131295822348
 0.6495131397994882
 0.6495131440692966
 0.6495131434180671
 0.649513139996489
 0.6495131423416217
 0.6495131421419075
 0.5279154898866012
 0.5313193135756525
 0.5294811945835584
 0.5290900453582871
 0.5252890418931365
 0.608354703368404
 0.6238634366718934
 0.6258534869305985
 0.6111003031189925
 0.6240847883935565
 0.6310696553902553
 0.6297478997638387
 0.6287443666632444
 0.6360402679081457
 0.6367491122002191
 0.6370529505750266
 0.6371671370171526
 0.6372113352331192
 0.6372276724515814
 0.6372357714699419
 0.6372300452216543
 0.6372188854745805
 0.6371895398619838
 0.6372068244535699
 0.6372255244915268
 0.6372353153594701
 0.6372365208899767
 0.6372363361326694
 0.6372359946736923
 0.6372363869111048
 0.6372362435200977
 0.6372368471866324
 0.6372370754442055
 0.6372369156020898
 0.6372369875707715
 0.6372369481399482
 0.6372372344475404
 0.6372374138349685
 0.6372371137326849
 0.6372403896822799
 0.637237173137515
 0.6372369373370563
 0.6372369131070308
 0.6372370792063599
 0.6372376942902406
 0.637237136378666
 0.6372368105242242
 0.6372371217675654
 0.6372374957359954
 0.6372368863033517
 0.6372371597656459
 0.6372372137945558
 0.6372393407995982
 0.6372369377956
 0.6372373478436725
 0.6372376830318331
 0.6372371951822857
 0.6372370786938557
 0.6372369395464507
 0.6372368502167881
 0.6372372158351741
 0.6372370524665462
 0.6372369420912776
 0.6372379709739816
 0.6372369146196325
 0.6372370558108434
 0.6372375186793673
 0.637237244810403
 0.6372370981665681
 0.637237301947525
 0.6372370288217233
 0.6372372322294824
 0.6372370526790188
 0.6372375197116334
 0.6372376443500946
 0.6372368294842609
 0.637237089962074
 0.6372371656215315
 0.63723878584697
 0.6372370838386797
 0.6372372128371259
 0.6372370729412307
 0.6372370221033357
 0.637237478249785
 0.6372368400903998
 0.6372370361584533
 0.6372374489510763
 0.6372372231230062
 0.6372371695897692
 0.6372372706747795
 0.637237155630352
 0.637237151315726
 0.6372371448552113
 0.6372369988176988
 0.6372370059426335
 0.6372373432116119
 0.6372369064391258
 0.6372369071949954
 0.6372372732943026
 0.6372377632297676
 0.5279168709610692
 0.5290508179636079
 0.5791443326611234
 0.6197285688539724
 0.6217702556142818
 0.6255595600071487
 0.6248511214170192
 0.6241085972444593
 0.6223332502506577
 0.6249759016671401
 0.6241392377992313
 0.6255448492066596
 0.625721743577014
 0.6256506958832032
 0.6257606758043255
 0.6257680778463275
 0.6257710085392814
 0.6257704499499017
 0.6257795360732109
 0.6257706658267325
 0.6257703382832753
 0.6257710555380414
 0.6257704648106581
 0.6257704097852346
 0.6257704068294314
 0.625770644936352
 0.6257711601107829
 0.6257722711719742
 0.6257705294611058
 0.6257704083479169
 0.6257706158005297
 0.6257704425632176
 0.6257705363462296
 0.6257704008518684
 0.6257704144551549
 0.6257704297210144
 0.6257704359621022
 0.6257705312440313
 0.6257708478749069
 0.625770451689901
 0.6257706114229054
 0.6257704100553708
 0.6257771888094251
 0.6258125430196736
 0.6257704600606196
 0.6257706608139669
 0.6257704412968789
 0.6257705299234914
 0.6257755581373828
 0.6257704221946296
 0.6257704952250827
 0.6257704123570111
 0.6257705255941676
 0.6257704632575414
 0.6257736014330885
 0.6257776055799729
 0.6257704094300043
 0.6257704136710398
 0.6257711137221443
 0.6257705696441334
 0.6257704190574507
 0.6257705369586914
 0.6257706832984595
 0.6257704042338273
 0.6257705012081406
 0.6257704040761678
 0.6257704600101194
 0.6257704367873201
 0.6257704130704415
 0.6257704379166228
 0.6257704966261302
 0.6257733461514235
 0.6257704004199452
 0.6257704111814003
 0.6257744858666854
 0.6257759228667606
 0.6257705927846229
 0.6257711212915199
 0.6257704301173646
 0.6258460790675827
 0.6257718055404429
 0.62578625482869
 0.6257704258314098
 0.6257704075722922
 0.6257703967594022
 0.6257704121969206
 0.6257704430194839
 0.6257709442782534
 0.6257864983001876
 0.625770398620809
 0.6257783504050602
 0.6257704137406271
 0.6257808942325626
 0.6257704048522472
 0.6257704638091695
