# Created by Octave 4.0.0, Sat Apr 21 07:17:12 2018 CEST <olethros@olethros-OptiPlex-9010>
# name: PU
# type: matrix
# ndims: 3
 100 5 2
 0.4685188753084394
 0.7147771297093668
 0.4991516508920181
 0.7147805937437077
 0.7148609579697067
 0.7148116668101679
 0.6645307259931
 0.7148956681856423
 0.7149139742973513
 0.7149182737385867
 0.7149192245652387
 0.7149193761721853
 0.7149194422546213
 0.7149195091001574
 0.7149195288558209
 0.7149195299212868
 0.7149195308216199
 0.7149195310840843
 0.7149195311711587
 0.7149195310151819
 0.7149195311850078
 0.7149195312010248
 0.7149195312040045
 0.7149195312081511
 0.7149195312070914
 0.714919531208385
 0.7149195312085018
 0.7149195312080256
 0.7149195312086039
 0.7149195312086043
 0.7149195312086301
 0.7149195312086362
 0.7149195312086332
 0.7149195312086365
 0.7149195312086345
 0.7149195312086378
 0.714919531208638
 0.7149195312086382
 0.714919531208638
 0.7149195312086384
 0.7149195312086384
 0.7149195312086384
 0.7149195312086384
 0.7149195312086384
 0.7149195312086384
 0.7149195312086384
 0.7149195312086384
 0.7149195312086384
 0.7149195312086384
 0.7149195312086384
 0.7149195312086384
 0.7149195312086384
 0.7149195312086384
 0.7149195312086384
 0.7149195312086384
 0.7149195312086384
 0.7149195312086384
 0.7149195312086384
 0.7149195312086384
 0.7149195312086384
 0.7149195312086384
 0.7149195312086384
 0.7149195312086384
 0.7149195312086384
 0.7149195312086384
 0.7149195312086384
 0.7149195312086384
 0.7149195312086384
 0.7149195312086384
 0.7149195312086384
 0.7149195312086384
 0.7149195312086384
 0.7149195312086384
 0.7149195312086384
 0.7149195312086384
 0.7149195312086384
 0.7149195312086384
 0.7149195312086384
 0.7149195312086384
 0.7149195312086384
 0.7149195312086384
 0.7149195312086384
 0.7149195312086384
 0.7149195312086384
 0.7149195312086384
 0.7149195312086384
 0.7149195312086384
 0.7149195312086384
 0.7149195312086384
 0.7149195312086384
 0.7149195312086384
 0.7149195312086384
 0.7149195312086384
 0.7149195312086384
 0.7149195312086384
 0.7149195312086384
 0.7149195312086384
 0.7149195312086384
 0.7149195312086384
 0.7149195312086384
 0.4685246611165257
 0.4507825449506519
 0.5660308756096337
 0.7148303025883662
 0.7148917992520968
 0.7148864417483296
 0.7148730987541737
 0.7148474133831006
 0.7148906498417145
 0.7149191658849918
 0.7149192055481312
 0.7125672183292225
 0.7089952476618829
 0.7086974135822031
 0.7086641949311622
 0.7086324735066336
 0.7086517588300023
 0.7085892108130344
 0.708638618025169
 0.7086381092658327
 0.7085978795926798
 0.7086184628284331
 0.7086261053580599
 0.7086291923387155
 0.7086300565881355
 0.7086582156973701
 0.708605174216947
 0.7086037585262414
 0.7086477112967097
 0.7085865615994297
 0.7086289159107126
 0.7086139596712082
 0.7086109272735235
 0.7086429842873223
 0.708641216885832
 0.7086747744290762
 0.7086073624795522
 0.7085864155270734
 0.7086585382156567
 0.7086480596473271
 0.7086200870751063
 0.7086229809699564
 0.7086386922021353
 0.7086674778785056
 0.708628077478944
 0.7086346460156743
 0.7086259350380059
 0.7086275696752338
 0.7086741542640871
 0.7086040651205564
 0.7086585459697318
 0.7086461659124752
 0.7085893090059113
 0.7086388284551373
 0.7086383576931706
 0.7086185380680964
 0.7086427585026368
 0.7086526913287619
 0.7086575715202881
 0.7086248158762174
 0.7085954360584362
 0.7086696192408994
 0.7086405874873662
 0.7086513769282244
 0.7086743322330233
 0.7086673843578061
 0.7085846736321323
 0.7086222904762782
 0.708623461833595
 0.7086251761127605
 0.7086348370251156
 0.7086140235618139
 0.70862484471112
 0.7086406455935165
 0.7086814823072057
 0.7086294440649888
 0.708640068119608
 0.7086451142598948
 0.7086531015043475
 0.7086296583807885
 0.7086468289371113
 0.7086533677398132
 0.708636829990824
 0.7086426393722625
 0.7086213353798025
 0.7086379562518691
 0.7086328938891671
 0.7085906878602097
 0.7085977675322238
 0.708620296421092
 0.7086308047561197
 0.7086427436922892
 0.7085939812710924
 0.7086119976860485
 0.7086516624892983
 0.7086510343815732
 0.7085895835504681
 0.7086037539006714
 0.7086469282915396
 0.7085800888634443
 0.4685304217682247
 0.4757449329583875
 0.468553071566537
 0.539124856879737
 0.679254750076801
 0.6841450066730069
 0.7087405126088592
 0.6222632897216224
 0.6689768740239903
 0.5423165655130502
 0.6162613380419606
 0.6123663895344873
 0.5455897649053814
 0.6862766314764622
 0.7061397253242343
 0.7059486023590702
 0.7059485699946274
 0.7061908235364383
 0.7059482739967693
 0.7059573930748667
 0.7059598192719569
 0.7059598439262669
 0.7059598409834039
 0.7059598389890612
 0.7059598638740465
 0.7059598506365146
 0.7059598653837563
 0.7059598694666581
 0.7059598702123241
 0.7059598705683924
 0.7059598706762512
 0.7059598706814584
 0.7059598705391011
 0.7059598705413855
 0.7059598706967215
 0.7059598707098619
 0.7059598707103174
 0.7059598707103457
 0.7059598707103518
 0.7059598707103532
 0.7059598707103537
 0.7059598707103539
 0.7059598707103539
 0.7059598707103539
 0.7059598707103539
 0.7059598707103539
 0.7059598707103539
 0.7059598707103539
 0.7059598707103539
 0.7059598707103539
 0.7059598707103539
 0.7059598707103539
 0.7059598707103539
 0.7059598707103539
 0.7059598707103539
 0.7059598707103539
 0.7059598707103539
 0.7059598707103539
 0.7059598707103539
 0.7059598707103539
 0.7059598707103539
 0.7059598707103539
 0.7059598707103539
 0.7059598707103539
 0.7059598707103539
 0.7059598707103539
 0.7059598707103539
 0.7059598707103539
 0.7059598707103539
 0.7059598707103539
 0.7059598707103539
 0.7059598707103539
 0.7059598707103539
 0.7059598707103539
 0.7059598707103539
 0.7059598707103539
 0.7059598707103539
 0.7059598707103539
 0.7059598707103539
 0.7059598707103539
 0.7059598707103539
 0.7059598707103539
 0.7059598707103539
 0.7059598707103539
 0.7059598707103539
 0.7059598707103539
 0.7059598707103539
 0.7059598707103539
 0.7059598707103539
 0.7059598707103539
 0.7059598707103539
 0.7059598707103539
 0.7059598707103539
 0.7059598707103539
 0.7059598707103539
 0.7059598707103539
 0.7059598707103539
 0.7059598707103539
 0.7059598707103539
 0.7059598707103539
 0.4685361572718806
 0.5010420443302182
 0.6827490949867464
 0.5824581540918762
 0.6883677430456793
 0.69036677667371
 0.689140678940816
 0.6890861738129072
 0.6892926940551508
 0.6894520271783444
 0.6903626595009941
 0.6891443644700873
 0.6890974405741735
 0.6890529344307034
 0.6890223288123198
 0.6890098083068708
 0.6890028261154263
 0.6889960009913707
 0.6889956006543355
 0.6889971493087368
 0.6889951731446018
 0.6889949710573728
 0.6889952271778143
 0.6889948593248674
 0.688994782114337
 0.68899475659857
 0.6889947528864665
 0.6889947492601336
 0.6889947900653196
 0.688994753959236
 0.6889947668900863
 0.6889947759212579
 0.688994779933092
 0.6889947324683743
 0.6889947385868341
 0.6889947786565569
 0.688994685507644
 0.6889947573593926
 0.6889947693771887
 0.6889947666103968
 0.6889947830971077
 0.6889947670103226
 0.6889947695500618
 0.6889947796363485
 0.6889947765460643
 0.6889947445429753
 0.6889947804898725
 0.6889947539536161
 0.6889947622747865
 0.6889947303382878
 0.688994772308039
 0.6889947667449134
 0.6889947500853398
 0.6889947657247069
 0.6889947518109918
 0.6889947533452893
 0.6889947606221158
 0.6889947407539461
 0.6889947638625001
 0.6889947834327715
 0.6889947609957287
 0.688994771289773
 0.6889947855837731
 0.6889947642561568
 0.6889947822019139
 0.6889947783370249
 0.6889947523522134
 0.6889947586384985
 0.6889947696226352
 0.6889947604114887
 0.6889947703713747
 0.6889947698166
 0.6889947719384618
 0.6889947566674912
 0.6889947557238026
 0.6889947569242816
 0.6889947830461701
 0.6889947791715625
 0.6889947686546251
 0.6889947601842336
 0.6889947667177286
 0.6889947617590695
 0.6889947444516317
 0.6889947505987205
 0.6889947732873587
 0.688994757564507
 0.6889947439897974
 0.6889947639095497
 0.6889947558406591
 0.6889947616010724
 0.6889947295721034
 0.6889947702458277
 0.6889947831549424
 0.6889947425108829
