# Created by Octave 4.0.0, Fri Apr 20 17:17:17 2018 CEST <olethros@olethros-OptiPlex-9010>
# name: PU
# type: matrix
# ndims: 3
 100 5 2
 0.6570114333786002
 0.6574878718018869
 0.6574797841481556
 0.6570621383824453
 0.6575585656263858
 0.6200157618757755
 0.7152487458711461
 0.7152708633871719
 0.7151766273530209
 0.6715711670665984
 0.7152034371784611
 0.7152994119049217
 0.7152529913084223
 0.7152891999940737
 0.715310460238489
 0.7156860808728625
 0.7155914950833983
 0.7157274683583722
 0.7156441091677972
 0.7157493672596236
 0.7156469591116108
 0.7154832262657036
 0.7156364405570571
 0.7157493872181162
 0.7156672687703147
 0.715688507443812
 0.7155840963833462
 0.7156136067204329
 0.7154286116489114
 0.7156425834927533
 0.7155295222670948
 0.7155926307988005
 0.7154692166947161
 0.7155674494765226
 0.7156569331935193
 0.7155472487649498
 0.7155930048160725
 0.7157020455301726
 0.7156002175259492
 0.7155566718190477
 0.7155941055394391
 0.7156248881140953
 0.7157493880555192
 0.7155919191642338
 0.7155156229750517
 0.7157057812826217
 0.7157493880555216
 0.7157493880555238
 0.7156402772784058
 0.7157065655791024
 0.715659550555142
 0.715593455035977
 0.7156927671018262
 0.7157154757249641
 0.7156433857089615
 0.7155245806193467
 0.7154586939239724
 0.7154278142512462
 0.7154264955446237
 0.7156539288888297
 0.7155956331626233
 0.7157163742015324
 0.7156301702289425
 0.7156112368045633
 0.7157058032136998
 0.7155292653412817
 0.7155660708252087
 0.7156219444864109
 0.715531511332405
 0.7157493880555261
 0.7156153781485962
 0.7157147486132581
 0.7154325963352286
 0.7157493880555261
 0.7154260060070756
 0.7156837736095707
 0.7156707008083383
 0.7156834948893475
 0.7156288451967249
 0.7156017520264635
 0.7154789636098432
 0.7154911030617943
 0.715633767522343
 0.7154380001008348
 0.7157322513142572
 0.7156761622756473
 0.7157493880555261
 0.7154588419978676
 0.7154831959133334
 0.7154610481681107
 0.715434721711806
 0.7155096042478053
 0.7154167093405447
 0.7157493880555261
 0.7156901083797873
 0.7155789210086049
 0.7157353982271035
 0.7156285693737552
 0.7155772941012626
 0.7155308630788562
 0.658285289577195
 0.6530897253831101
 0.6570986911821797
 0.6512892499688295
 0.7152883561259322
 0.7154313892338284
 0.712444017102653
 0.7151973689018331
 0.6681102886044071
 0.7153460115063133
 0.7155288211853585
 0.7155523306361898
 0.715552577687397
 0.7155450711968504
 0.7155601335609127
 0.7155667575786084
 0.7155675593552204
 0.7155679053761317
 0.7155680021110383
 0.7155680078761408
 0.7155677406271165
 0.7155673746782892
 0.7155677500963902
 0.7155680313449995
 0.7155680347475055
 0.7155680767737369
 0.7155680847998103
 0.7155680867474996
 0.7155680873087034
 0.7155680876241882
 0.7155680877915265
 0.7155680877010402
 0.7155680877053694
 0.7155680876888935
 0.7155680878646707
 0.7155680877977191
 0.7155680879285758
 0.7155680877181223
 0.7155680878108228
 0.7155680877603087
 0.7155680878414532
 0.7155680877851207
 0.7155680878589501
 0.7155680877479967
 0.71556808799561
 0.7155680877196404
 0.7155680877767077
 0.7155680877230668
 0.7155680878311788
 0.715568087745472
 0.7155680877705873
 0.7155680877889274
 0.7155680877559942
 0.7155680878913898
 0.7155680877366821
 0.715568087780588
 0.715568087767146
 0.7155680877913507
 0.7155680878791593
 0.7155680878002302
 0.7155680879114047
 0.7155680877541191
 0.7155680878018597
 0.7155680877254371
 0.7155680877395706
 0.7155680877476289
 0.715568087684366
 0.7155680877761631
 0.7155680878041117
 0.71556808773828
 0.7155680877059198
 0.715568087701616
 0.7155680877415624
 0.7155680877197641
 0.715568087709582
 0.7155680878084949
 0.715568087705438
 0.7155680876976538
 0.7155680877453157
 0.7155680877194495
 0.7155680877024574
 0.7155680877627109
 0.7155680877316882
 0.7155680877037179
 0.7155680877075712
 0.7155680877190225
 0.7155680877018155
 0.7155680877685082
 0.7155680877288532
 0.7155680878105778
 0.7155680877251516
 0.7155680877548427
 0.7155680877605728
 0.7155680877314246
 0.7155680877377792
 0.7155680877586568
 0.7155680877446431
 0.7155680877316717
 0.7155680878332287
 0.7155680877394761
 0.6362333130454925
 0.6660880782653679
 0.6369634905345041
 0.6614184017801489
 0.7139588774743723
 0.7145296056386875
 0.7153854003891982
 0.6880337507058105
 0.7154040653247626
 0.7154604879953593
 0.7154585051317794
 0.7155475216861094
 0.7155644613367185
 0.7155634666906717
 0.7155624734646883
 0.7155583261678067
 0.7155452313495287
 0.7155616639002641
 0.7155638739629354
 0.7155638938218485
 0.7155640107593392
 0.7155648394886566
 0.7155649939338842
 0.7155649948205323
 0.7155649708373828
 0.7155649720512542
 0.7155650077875095
 0.7155650033975106
 0.7155650184466299
 0.7155650222527957
 0.7155650218725329
 0.7155650220090288
 0.7155650219462069
 0.7155650203918926
 0.7155650219600794
 0.7155650222868046
 0.715565022371546
 0.7155650223734874
 0.7155650223739575
 0.7155650223739255
 0.7155650223739843
 0.7155650223739873
 0.7155650223739874
 0.7155650223739894
 0.7155650223739903
 0.7155650223739903
 0.7155650223739892
 0.7155650223739866
 0.7155650223739894
 0.7155650223739916
 0.7155650223739913
 0.7155650223739919
 0.7155650223739917
 0.715565022373992
 0.7155650223739918
 0.7155650223739919
 0.7155650223739918
 0.715565022373992
 0.715565022373992
 0.7155650223739918
 0.7155650223739919
 0.715565022373992
 0.7155650223739921
 0.7155650223739919
 0.7155650223739919
 0.7155650223739919
 0.715565022373992
 0.7155650223739922
 0.715565022373992
 0.715565022373992
 0.715565022373992
 0.715565022373992
 0.715565022373992
 0.715565022373992
 0.7155650223739919
 0.7155650223739924
 0.715565022373992
 0.7155650223739923
 0.715565022373992
 0.715565022373992
 0.7155650223739933
 0.715565022373992
 0.715565022373992
 0.715565022373992
 0.715565022373992
 0.715565022373992
 0.7155650223739918
 0.7155650223739921
 0.715565022373992
 0.7155650223739923
 0.715565022373992
 0.715565022373992
 0.7155650223739924
 0.715565022373992
 0.7155650223739919
 0.715565022373992
 0.7155650223739938
 0.7155650223739924
 0.7155650223739921
 0.7155650223739918
 0.6255362764519216
 0.5987606405192925
 0.5967970095775549
 0.5620048540158515
 0.6061068638422696
 0.6106649457877926
 0.6279186957923115
 0.7037006242230134
 0.7155179070590735
 0.7155382691420543
 0.715559474152151
 0.7155635842029175
 0.7155611400278649
 0.715563938809256
 0.7155635068104372
 0.7155639160834908
 0.71556379620055
 0.7155637137018018
 0.7155639485869534
 0.715563995194772
 0.71556399019074
 0.7155639995361651
 0.7155640003890611
 0.7155640003968199
 0.7155639997579645
 0.7155639991670241
 0.715564000330137
 0.7155640004284615
 0.7155640005694194
 0.7155640005840109
 0.715564000575141
 0.7155640005660596
 0.7155640005848964
 0.7155640005870304
 0.7155640005874994
 0.7155640005878546
 0.7155640005878728
 0.7155640005878814
 0.7155640005878819
 0.7155640005878797
 0.7155640005878789
 0.7155640005878832
 0.7155640005878835
 0.7155640005878835
 0.7155640005878835
 0.7155640005878827
 0.7155640005878826
 0.7155640005878834
 0.7155640005878829
 0.7155640005878831
 0.7155640005878823
 0.7155640005878836
 0.7155640005878836
 0.7155640005878836
 0.7155640005878836
 0.7155640005878836
 0.7155640005878836
 0.7155640005878836
 0.7155640005878836
 0.7155640005878836
 0.7155640005878836
 0.7155640005878836
 0.7155640005878836
 0.7155640005878836
 0.7155640005878836
 0.7155640005878836
 0.7155640005878836
 0.7155640005878836
 0.7155640005878836
 0.7155640005878836
 0.7155640005878836
 0.7155640005878836
 0.7155640005878836
 0.7155640005878836
 0.7155640005878836
 0.7155640005878836
 0.7155640005878836
 0.7155640005878836
 0.7155640005878836
 0.7155640005878836
 0.7155640005878836
 0.7155640005878836
 0.7155640005878836
 0.7155640005878836
 0.7155640005878836
 0.7155640005878836
 0.7155640005878836
 0.7155640005878836
 0.7155640005878836
 0.7155640005878836
 0.7155640005878836
 0.7155640005878836
 0.7155640005878836
 0.7155640005878836
 0.7155640005878836
