# Created by Octave 4.0.0, Fri Apr 20 17:14:10 2018 CEST <olethros@olethros-OptiPlex-9010>
# name: PU
# type: matrix
# ndims: 3
 100 5 2
 0.4727658057044392
 0.4649940349943953
 0.5905167329670703
 0.6221275102971963
 0.641117940234959
 0.6711373810743211
 0.6711261503548912
 0.6711576451675583
 0.6711679438034551
 0.6711714421007817
 0.6711733582268896
 0.6711731636851249
 0.6711732885032147
 0.6711732843136285
 0.6711732757673654
 0.6711734682604735
 0.671173467048743
 0.6711734123617821
 0.6711734612899353
 0.6711734989684714
 0.6711735015638166
 0.6711735017301108
 0.6711735017324199
 0.6711735017256594
 0.6711735017499059
 0.6711735017500134
 0.6711735017515051
 0.6711735017578928
 0.6711735017582315
 0.6711735017584664
 0.6711735017588543
 0.671173501758924
 0.6711735017589995
 0.6711735017590156
 0.6711735017590182
 0.6711735017590087
 0.6711735017590215
 0.6711735017590217
 0.6711735017590218
 0.6711735017590217
 0.6711735017590217
 0.6711735017590217
 0.6711735017590218
 0.6711735017590218
 0.6711735017590218
 0.6711735017590218
 0.6711735017590218
 0.6711735017590218
 0.6711735017590218
 0.6711735017590218
 0.6711735017590218
 0.6711735017590218
 0.6711735017590218
 0.6711735017590218
 0.6711735017590218
 0.6711735017590218
 0.6711735017590218
 0.6711735017590218
 0.6711735017590218
 0.6711735017590218
 0.6711735017590218
 0.6711735017590218
 0.6711735017590218
 0.6711735017590218
 0.6711735017590218
 0.6711735017590218
 0.6711735017590218
 0.6711735017590218
 0.6711735017590218
 0.6711735017590218
 0.6711735017590218
 0.6711735017590218
 0.6711735017590218
 0.6711735017590218
 0.6711735017590218
 0.6711735017590218
 0.6711735017590218
 0.6711735017590218
 0.6711735017590218
 0.6711735017590218
 0.6711735017590218
 0.6711735017590218
 0.6711735017590218
 0.6711735017590218
 0.6711735017590218
 0.6711735017590218
 0.6711735017590218
 0.6711735017590218
 0.6711735017590218
 0.6711735017590218
 0.6711735017590218
 0.6711735017590218
 0.6711735017590218
 0.6711735017590218
 0.6711735017590218
 0.6711735017590218
 0.6711735017590218
 0.6711735017590218
 0.6711735017590218
 0.6711735017590218
 0.4625583255477117
 0.5976504878843749
 0.4030717821996606
 0.559285793401387
 0.6533995193970891
 0.6559812757872375
 0.6711421440922091
 0.6711331276687339
 0.6711429763478997
 0.6711718306551784
 0.6711715851948635
 0.671173376370217
 0.6711732126277512
 0.6711731648428982
 0.6711734078819679
 0.6711733997402429
 0.6711734827947267
 0.6711734891859429
 0.6711734662358939
 0.6711734062421024
 0.6711734580868186
 0.6711734272162003
 0.6711734678767275
 0.6711734105678985
 0.6711734363087598
 0.6711734972598495
 0.6711734970447356
 0.6711734901528377
 0.6711734968981178
 0.6711735014246336
 0.6711735014308176
 0.6711735012103133
 0.6711735002735282
 0.6711735012745967
 0.6711735015561885
 0.6711735012311858
 0.6711735015200497
 0.6711735016500366
 0.6711735017180991
 0.6711735016892818
 0.6711735017272163
 0.6711735017543446
 0.6711735017449605
 0.6711735017544362
 0.6711735017573
 0.6711735017587686
 0.6711735017589266
 0.6711735017589823
 0.6711735017589243
 0.6711735017589839
 0.671173501758992
 0.6711735017590081
 0.6711735017590165
 0.6711735017590198
 0.6711735017590209
 0.6711735017590216
 0.6711735017590217
 0.6711735017590217
 0.6711735017590217
 0.6711735017590217
 0.6711735017590218
 0.6711735017590218
 0.6711735017590218
 0.6711735017590218
 0.6711735017590218
 0.6711735017590218
 0.6711735017590218
 0.6711735017590218
 0.6711735017590218
 0.6711735017590218
 0.6711735017590218
 0.6711735017590218
 0.6711735017590218
 0.6711735017590218
 0.6711735017590218
 0.6711735017590218
 0.6711735017590218
 0.6711735017590218
 0.6711735017590218
 0.6711735017590218
 0.6711735017590218
 0.6711735017590218
 0.6711735017590218
 0.6711735017590218
 0.6711735017590218
 0.6711735017590218
 0.6711735017590218
 0.6711735017590218
 0.6711735017590218
 0.6711735017590218
 0.6711735017590218
 0.6711735017590218
 0.6711735017590218
 0.6711735017590218
 0.6711735017590218
 0.6711735017590218
 0.6711735017590218
 0.6711735017590218
 0.6711735017590218
 0.6711735017590218
 0.4686524151832745
 0.4682143356376607
 0.4825066528701684
 0.5370367886829741
 0.6662769087502195
 0.6671349230752628
 0.6679056678019309
 0.6653128355647937
 0.6666602805513182
 0.6675567539143149
 0.6647430780212565
 0.6646425423461719
 0.6651523378347174
 0.6703768260205414
 0.6698696798909116
 0.6704003917530181
 0.6704978024178654
 0.6707600754938881
 0.6706499854484548
 0.6707972700565894
 0.6708854414477499
 0.6709529828243804
 0.670893051056311
 0.6707577254299997
 0.6708891124444518
 0.6707087564172016
 0.6708779144195359
 0.6708765447064468
 0.6709600170054731
 0.6710166706692355
 0.6707886751674954
 0.6710487559758078
 0.6708504459971448
 0.6709413872285483
 0.6707163571357004
 0.670680227454889
 0.670945397350507
 0.670817868017404
 0.6709326172069537
 0.670904900964169
 0.6709352915361538
 0.6708857632330862
 0.6710484374624033
 0.6709204484524268
 0.6708769760197753
 0.6709239896133398
 0.6707593198186275
 0.6710286168779321
 0.6708542275127534
 0.6707806796189446
 0.6708880299691427
 0.6709178201704075
 0.6707926596248625
 0.6709848985101062
 0.6709266656884314
 0.6708898023709374
 0.6707861792997457
 0.6707004163237144
 0.6708792570711477
 0.670722648238577
 0.6709796715215459
 0.6709486924567603
 0.6708945008482378
 0.6709744323382972
 0.6707882970598444
 0.6709169654684156
 0.6710057797907479
 0.6708271766852787
 0.6709571180215055
 0.6707418533715376
 0.670815585113862
 0.6708189031972197
 0.6708293923524437
 0.671048526248101
 0.6709161494363227
 0.6708703572039942
 0.6708489782472205
 0.670667216336375
 0.6709057120207257
 0.6710157198154622
 0.6709924337715134
 0.670908153104595
 0.670796970229918
 0.670682575868873
 0.670889833137466
 0.6708543447666652
 0.670905819016881
 0.6710482552842554
 0.6708763366086228
 0.6710484070714084
 0.6706711467573843
 0.6708494174274833
 0.6710168233695861
 0.6710490934525907
 0.6709819768557336
 0.6709183025880865
 0.6708486170178533
 0.6708794473985089
 0.670914054957939
 0.6709292596512618
 0.4862903021820827
 0.4970944139783446
 0.5004894461402738
 0.6186425685204483
 0.6324403520225456
 0.6422209157650774
 0.6427336719072386
 0.6427466672178493
 0.6428356050841877
 0.6429597830941174
 0.6424890592924989
 0.6429656346345877
 0.6428093143662887
 0.6428940614077315
 0.6426222058194608
 0.6428153907457903
 0.6428593854657765
 0.6428520601869234
 0.6430538516147658
 0.6429012533641815
 0.6428397311145301
 0.6428200926501989
 0.6427385449317726
 0.642994195100353
 0.6424490281084227
 0.6426631004136595
 0.6428708448534937
 0.6427448152444942
 0.6427697071954668
 0.6427378915015216
 0.6430010357505396
 0.6427768236700551
 0.6427972764844945
 0.6430298929941591
 0.6426913765595272
 0.6424224913862281
 0.642832202894939
 0.6425801475464417
 0.6428324548565261
 0.6426763323689377
 0.6426852564256692
 0.6430406792367432
 0.6425177288702429
 0.642923432932355
 0.6428278874739463
 0.6426063731787285
 0.6426005488115081
 0.6430189261367336
 0.6429739971470996
 0.6429412368580122
 0.6428931308825496
 0.6429199967770927
 0.6428212206194132
 0.6429296552353569
 0.6429853251132326
 0.6429807603496499
 0.6429277746148444
 0.6428737656633754
 0.6427677047656516
 0.6429459955485469
 0.6429030408054741
 0.6428429198340102
 0.6430402345575826
 0.6427925118293425
 0.6427532522808532
 0.6427490132186271
 0.6429341076169148
 0.6426477036099775
 0.642945126872018
 0.6428102989078815
 0.6428146239507719
 0.642979383191182
 0.6424278720726283
 0.6428049322195631
 0.6428731823375731
 0.642591282242868
 0.6430297339451663
 0.6428442225454289
 0.6428089249845386
 0.6428765746682125
 0.6428032725696932
 0.6428664055313293
 0.6426547135611841
 0.6429666258436084
 0.6428733281697073
 0.6428502250992224
 0.6428415928669319
 0.6427941670231384
 0.6425697146552105
 0.6430580830702247
 0.6430328832317622
 0.6428855814044512
 0.6428461166043129
 0.643054721026691
