# Created by Octave 4.0.0, Fri Apr 20 17:16:31 2018 CEST <olethros@olethros-OptiPlex-9010>
# name: PU
# type: matrix
# ndims: 3
 100 5 2
 0.5580934426089388
 0.5507535854547123
 0.4842028165740215
 0.5565135367057115
 0.5236436118459359
 0.5908155046405303
 0.5755197387391239
 0.5489251566154864
 0.54779522900788
 0.4900493644573705
 0.548926665818004
 0.6116587458808362
 0.5755202208823089
 0.5489281758973368
 0.5464197744265508
 0.5455272785077898
 0.548924640445513
 0.5755226995678439
 0.6299479386375487
 0.6299610341618408
 0.6189857136760576
 0.5755245491490346
 0.6299538156582112
 0.6372779698909042
 0.6356640628720731
 0.619001046418811
 0.6299657042441212
 0.6293495569914521
 0.618985745603767
 0.6189783520959631
 0.6299640660800973
 0.5489273803626469
 0.5489266832212469
 0.5442518263738604
 0.5174819893405693
 0.4891579516853205
 0.4873594746055945
 0.5489280253120885
 0.6299543224297574
 0.6372781089157981
 0.6372890534433084
 0.6372923487494888
 0.6372919019000581
 0.6372915638815347
 0.6372857840027223
 0.6372807723122477
 0.6299634329866329
 0.6372743462820273
 0.6372837912858389
 0.6372717868200831
 0.6299578880428995
 0.6372762200491459
 0.6299622385319952
 0.6372735927533896
 0.6372833843507043
 0.6372817402345683
 0.6372902219705627
 0.6372870443224227
 0.6372907469818376
 0.6372902259562132
 0.6372854078858493
 0.6372722362017428
 0.6372871139306954
 0.637281449240108
 0.6189810530850959
 0.6299516036021215
 0.6372729872485803
 0.6344029547290913
 0.6299548412479398
 0.6372915735792916
 0.6372900376480577
 0.6372875549035222
 0.637290989087546
 0.6372909759293653
 0.6372884182596836
 0.6372799365503463
 0.6372716658221608
 0.6372861902499852
 0.6372916231063835
 0.6372719750995137
 0.6372870262343562
 0.6372827390919933
 0.6372759994532893
 0.6372931540286062
 0.637292071742413
 0.6372904269404994
 0.6372929265349174
 0.637276241616981
 0.6372848096289772
 0.6372773710438926
 0.6372888131687346
 0.6372924335006435
 0.6372935337541538
 0.6372934574975008
 0.6372931077170647
 0.6372928647817163
 0.6372936271480554
 0.6372937327350495
 0.6372938088243272
 0.6372939462737299
 0.5560790369301783
 0.4591264782086159
 0.5707562801611683
 0.6077969122340988
 0.5535460764598726
 0.5425234081697944
 0.6283485038500114
 0.6372895664500247
 0.6372872417635225
 0.6372920030954478
 0.6372919402272612
 0.6372937604152261
 0.6372936518388094
 0.637293718229753
 0.6372935855878304
 0.6372930931519507
 0.6372934780378751
 0.6372935727434529
 0.6372934759165066
 0.6372939267818276
 0.6372938045559198
 0.6372939048434911
 0.6372939659228357
 0.6372939592744151
 0.6372938883536359
 0.6372937890768474
 0.637293651065207
 0.6372938403830785
 0.6372939794171121
 0.6372939631376744
 0.6372939839636066
 0.6372939492686198
 0.6372939666477788
 0.637294003115238
 0.6372940041567672
 0.637294004035703
 0.6372940045960584
 0.6372940047943908
 0.6372940048067564
 0.6372940048167927
 0.637294004814576
 0.6372940048173982
 0.6372940048188935
 0.6372940048178439
 0.6372940048195911
 0.6372940048191428
 0.6372940048198353
 0.6372940048128739
 0.6372940048086584
 0.6372940048171756
 0.6372940048187503
 0.6372940048168837
 0.6372940048099875
 0.6372940047928095
 0.6372940048076082
 0.6372940047864621
 0.6372940048033584
 0.6372940048176564
 0.6372940048172289
 0.6372940048121207
 0.6372940048178528
 0.6372940048147266
 0.6372940048138238
 0.6372940048156341
 0.6372940048185428
 0.6372940048194167
 0.637294004820198
 0.6372940048201828
 0.6372940048202597
 0.6372940048202829
 0.6372940048202896
 0.6372940048202892
 0.6372940048202901
 0.6372940048202885
 0.6372940048202911
 0.6372940048202921
 0.6372940048202923
 0.6372940048202921
 0.6372940048202923
 0.6372940048202924
 0.6372940048202925
 0.6372940048202925
 0.6372940048202925
 0.6372940048202925
 0.6372940048202925
 0.6372940048202925
 0.6372940048202925
 0.6372940048202925
 0.6372940048202925
 0.6372940048202925
 0.6372940048202925
 0.6372940048202925
 0.6372940048202925
 0.6372940048202925
 0.6372940048202925
 0.6372940048202925
 0.6372940048202925
 0.6372940048202925
 0.6372940048202925
 0.6372940048202925
 0.5628703949216787
 0.579621408955423
 0.6062598797507844
 0.6003723334805889
 0.6177188010025476
 0.5718672053274454
 0.5609963178341458
 0.5487078514353121
 0.6186675392119531
 0.6302390142725636
 0.6349561339258718
 0.6331697524523496
 0.6366646093014486
 0.6363882121947426
 0.6367693662376217
 0.6368109844861995
 0.6367876573939975
 0.6368425164836211
 0.6368443963977692
 0.6368448751028517
 0.6368450389188938
 0.6368451239330013
 0.6368450793349218
 0.636845113002897
 0.6368451001433337
 0.6368454734962697
 0.6368451187130887
 0.6368455335762135
 0.6368451100200145
 0.6368460879756661
 0.6368452758942309
 0.6368455824578694
 0.6368451093074932
 0.6368450996719253
 0.6368450972417187
 0.6368451045313839
 0.6368450997670431
 0.6368451165118425
 0.6368451315801732
 0.6368455624646985
 0.6368451237010827
 0.6368451881071248
 0.6368451101071917
 0.6368451721619826
 0.6368450995448405
 0.6368451038726168
 0.6368456402853454
 0.6368450948557375
 0.6368452343636033
 0.636845107076209
 0.6368451012311045
 0.6368450935965363
 0.636845099731482
 0.6368451097476259
 0.6368450924831878
 0.6368451063504934
 0.6368451190958079
 0.6368450982933351
 0.63684512172859
 0.6368451745033341
 0.636845107762276
 0.6368450991172984
 0.636845256250077
 0.636845123596621
 0.6368451197170372
 0.6368451011837236
 0.6368451012835534
 0.6368451354725515
 0.6368451096633611
 0.6368453883719062
 0.6368451851602619
 0.6368450965766297
 0.6368451317216086
 0.6368451170921658
 0.6368451020976912
 0.6368451796707639
 0.6368450979663701
 0.636845100325515
 0.6368451098362876
 0.6368451747556313
 0.6368450994687123
 0.6368451130686137
 0.6368456094968791
 0.636845141060558
 0.6368451936457005
 0.6368450962306831
 0.6368451159790648
 0.6368453430124811
 0.6368451038206323
 0.6368451004088238
 0.6368451614544246
 0.63684510208795
 0.6368451142759787
 0.6368450975022961
 0.6368451011923424
 0.6368451040272499
 0.636845105238136
 0.6368452482213011
 0.6368451008633558
 0.6368451862318016
 0.5622316606934787
 0.5686196038517014
 0.573077630159145
 0.5677200960831574
 0.4510480520938836
 0.5726651924736121
 0.6292001898818705
 0.6327998634429632
 0.6334951206537539
 0.6332964947359576
 0.6332942010969154
 0.6332804270993199
 0.6336932098723649
 0.6337046799394662
 0.6337121237727423
 0.6337107589477837
 0.6336788643996142
 0.632772018006271
 0.6337127502547986
 0.6331129877530873
 0.6337102102653056
 0.6337031693662868
 0.6337089837646698
 0.6324064614025541
 0.6337056989748835
 0.6337137017363887
 0.6337147477380168
 0.6337134112234891
 0.6337042207812744
 0.6337127732816976
 0.6337130957894486
 0.6327828386650935
 0.632869085219367
 0.6337117213269414
 0.6337134400427774
 0.6337130819227927
 0.6337122235190231
 0.633708977545804
 0.6337131041569579
 0.6337105396745816
 0.6326473448767885
 0.6337124280250659
 0.6337135680954664
 0.6337119482399016
 0.633714177683073
 0.6337138583284794
 0.633713446210731
 0.6337150239507703
 0.6337149552870006
 0.6337127925049064
 0.6337147303877443
 0.6337124791713481
 0.6337120235227017
 0.6337134334400757
 0.6337122776137899
 0.6337073056618749
 0.6337131405480829
 0.6337078528349428
 0.6337067942893139
 0.6337128195123815
 0.6337034846474408
 0.6337130356553743
 0.6337118514867955
 0.6333284473692397
 0.6337083986009604
 0.6337130430198307
 0.6337088877371592
 0.6337137793844545
 0.6337042446214702
 0.633701387863066
 0.6337130366651269
 0.633707956898341
 0.6337125165277327
 0.6337138141725421
 0.6337128315982843
 0.633246793266499
 0.6337135873086689
 0.6337137275263492
 0.6337135983926383
 0.633711323164424
 0.6337129104899275
 0.6336952823757541
 0.6330516731499548
 0.6337121407020079
 0.6337048174504898
 0.6334804529619793
 0.6337135799914964
 0.6337136923978315
 0.6337116613302908
 0.6337133131358273
 0.6337032450336298
 0.6337129036758985
 0.6337128872108762
 0.6337140355734661
 0.6337134702486105
