# Created by Octave 4.0.3, Wed May 09 21:40:42 2018 CEST <olethros@olethros-desktop>
# name: results
# type: struct
# ndims: 2
 1 5
# length: 3
# name: PU
# type: cell
# rows: 1
# columns: 5
# name: <cell-element>
# type: matrix
# rows: 61
# columns: 2
 0.511505094172559 0.5147214980105025
 0.5937468867447614 0.5457542111733983
 0.5887450185383531 0.5514743258416082
 0.587739237465922 0.5647734827882935
 0.5979034865651531 0.558761826329406
 0.6062165201236369 0.5676520548030528
 0.6169705825875238 0.5613512947456167
 0.6291712956362469 0.5626227858102925
 0.6303897416293648 0.5677767903109443
 0.6209647658070488 0.567239787238713
 0.6279301518797223 0.5688325299917177
 0.6264897610248724 0.5755870564674103
 0.6205842013356863 0.5593744507719931
 0.6225459040046258 0.5609075884091022
 0.6166009626594595 0.5619074522991218
 0.6351886656661838 0.5767112719146961
 0.6282554710774991 0.566904833673493
 0.6263609455637735 0.5683482778984003
 0.6246511821366206 0.5661833796713435
 0.6162763643904341 0.569183779352628
 0.6314470730148948 0.5675521902849071
 0.6262036692446108 0.554788188044198
 0.6234232679785374 0.5644709762092311
 0.6307652524272904 0.5649487387948308
 0.6285647546707563 0.5720292332793988
 0.624943396234356 0.5746482844789172
 0.61990352405977 0.567722805139247
 0.6258748477488961 0.5736110830634434
 0.6303620354571804 0.570819697598691
 0.6257122437716659 0.5693017224425365
 0.624733436595524 0.5736025690383574
 0.6245601915191017 0.5654632849099737
 0.6304929254957042 0.5598943121664065
 0.6326817424670682 0.5668510942512776
 0.6253458221180936 0.5685230969859836
 0.6289307319387043 0.555789107068439
 0.6214574823272769 0.5617168193210708
 0.6271708942910514 0.569013924105813
 0.622999932797791 0.5688777596402474
 0.6239273256074862 0.5694172341556965
 0.6171825649679057 0.5611007134450703
 0.6265547675510915 0.5746217425582036
 0.6304008997316474 0.5713606435137473
 0.6251705391242375 0.5648147979598973
 0.6212256825176309 0.5684253662979466
 0.6240850346727613 0.5622724452808463
 0.6260051455212207 0.5577456202265189
 0.6268325581230169 0.5621066139337088
 0.6143529667440802 0.5641954069080162
 0.6209703277807225 0.5651376836763109
 0.6261128672031292 0.5626786454958017
 0.6139438962104249 0.562254881621801
 0.6290877163400951 0.5646682088366693
 0.6180596145708166 0.5715123788940899
 0.6152177183760501 0.564515634410936
 0.6257680689594814 0.5587778762288097
 0.6270712133032336 0.5700588816678325
 0.6204210255984901 0.5690360768716796
 0.6139386989665568 0.560877162025077
 0.6232121418281755 0.5612368694710849
 0.6200415902427518 0.5624455954112292



# name: <cell-element>
# type: matrix
# rows: 61
# columns: 2
 0.4913231765891189 0.483869691802123
 0.5507079545937902 0.5646545969297265
 0.539151413590269 0.5607377369062121
 0.5592879152121865 0.5621522241924221
 0.5694117728406727 0.5738694327023797
 0.5632440442430733 0.5793192485760924
 0.5675368097144022 0.5858145949067648
 0.5703666352049762 0.5842709529543031
 0.5615199508462575 0.5823248338391086
 0.5765675509433963 0.5930373867326587
 0.5742910885321301 0.6130036895118565
 0.5715874321066263 0.6036771216564167
 0.5893749460553185 0.598945202011687
 0.5923497634024029 0.5907027620608983
 0.5856520043852974 0.5803870768779749
 0.5821410707789175 0.6034027769660127
 0.5998403556873548 0.5914951029819625
 0.5904561363592525 0.5844707441915641
 0.5961806793607406 0.608415055304712
 0.5903633299605068 0.5991811716085779
 0.5999279043834862 0.59906856162276
 0.5858278240346994 0.5756708359295638
 0.6021940305943183 0.5906590250676083
 0.5882736410057594 0.5984214157229598
 0.5943831527545567 0.5970712341464457
 0.5962565168520986 0.5873430390602464
 0.5900786835728731 0.5984767782662918
 0.6065663175826886 0.5866497214763846
 0.5906640193508783 0.5791928845072832
 0.5934359965784515 0.5858653269780272
 0.5836275271392224 0.579332332286398
 0.5930306621043933 0.5804510639913815
 0.6023082794434501 0.5644528317751797
 0.5832462352391495 0.5910509343010497
 0.5812328700036107 0.5837762733785318
 0.5858795764159221 0.580099104218871
 0.5859755249440646 0.5678682973987402
 0.595819305891831 0.5776579576112769
 0.5892062156995649 0.5753195205290199
 0.6085848974259707 0.5592465035524198
 0.6010439426967269 0.5706815397540781
 0.5789951059938777 0.5876630991522162
 0.5871495952653102 0.5758176560716682
 0.5994776661439996 0.5733818134597435
 0.582411686403743 0.5724149510427796
 0.5822564268242489 0.5664957835683718
 0.5922400643802194 0.5623367589794934
 0.5991927385502492 0.5683283903159011
 0.5750217726444392 0.5715822721180236
 0.5865727311841301 0.5630930740288441
 0.605824173006783 0.5728886911745359
 0.5890356024297239 0.568785511900611
 0.5827976267552466 0.5725624624500856
 0.5830335916207026 0.5737452810255742
 0.5819660945965347 0.5662213906659732
 0.5866478979230954 0.5588230964177076
 0.5856242691418254 0.5810561087785946
 0.6067257652790974 0.5766592392890401
 0.5837784021256036 0.5795513142424074
 0.5898792299151651 0.573086634324074
 0.5803660591033408 0.5714918498220901



# name: <cell-element>
# type: matrix
# rows: 61
# columns: 2
 0.4800289177944516 0.4823030235776161
 0.4990867154862025 0.5101086383163057
 0.507590919128419 0.5583519020073465
 0.5187433843740394 0.5493573469474927
 0.5199551667405733 0.5489043520520248
 0.519666317096824 0.5545395143675248
 0.535840330757913 0.5573329521708084
 0.5387849592057796 0.5701982275120652
 0.5522001718773107 0.5631338470144935
 0.5474147096348621 0.56636140602115
 0.5515316028936356 0.576103832013114
 0.5501909818675442 0.5643363434015448
 0.5406441407048779 0.5459694320060332
 0.5377852728354381 0.5601509189541407
 0.5412583994007446 0.5591025439244811
 0.5525801603678231 0.5380532834456246
 0.541138036928048 0.5483991492983603
 0.556371942221344 0.547630354929886
 0.5475838785011446 0.5581213352361526
 0.5401373546001528 0.5548602591067863
 0.5494385387478505 0.5767229970580173
 0.5652929455061361 0.5661356629626799
 0.5439988681092989 0.5633123064193543
 0.5481824280910497 0.5602162710307546
 0.5621230119548474 0.5681514816260818
 0.5557926000692972 0.5603063506011852
 0.5453838233259809 0.5620703437565781
 0.5553525092998445 0.5551849047976666
 0.5607294841521236 0.5549030301005973
 0.5347208901511202 0.5439379789670234
 0.5464043866256003 0.5485331720977168
 0.5533979161644251 0.5519109331510416
 0.5575061286230989 0.5696184940646465
 0.5413128563181998 0.5788608021703664
 0.5459954933625789 0.5553386590611362
 0.545767662197402 0.5592275469881102
 0.5549323615662137 0.5746237892118276
 0.5592101160812224 0.5524406325064389
 0.5388597091007209 0.5417382049806724
 0.5443290601372975 0.5489238448663382
 0.5455786198349232 0.5408647459018632
 0.5558524471383443 0.5460854615231381
 0.5452240142827101 0.5621212446590497
 0.5550369406512985 0.5569084177443597
 0.5608473302189017 0.5510555913064983
 0.5610234600739086 0.5658936498243635
 0.5374321279388086 0.5646349418113397
 0.5284593863682538 0.5554094664057511
 0.5423812808454205 0.559060010933366
 0.5482059363950722 0.5556054696117548
 0.5417453832632028 0.5426132928598015
 0.5438040725108871 0.5523023000648134
 0.5352957657040657 0.5443896482721701
 0.5472670180820607 0.5422967067316132
 0.5473583245397491 0.5506355404987106
 0.5527876978121048 0.5497130283199272
 0.5378508475214278 0.5734325150326441
 0.5389473364533361 0.5492366681456727
 0.5508304765337663 0.5668861752304917
 0.5603924724930317 0.5695621168723943
 0.5352715236755703 0.5608734648678967



