# Created by Octave 4.0.0, Thu May 10 21:16:30 2018 CEST <olethros@olethros-OptiPlex-9010>
# name: results
# type: struct
# ndims: 2
 1 5
# length: 3
# name: PU
# type: cell
# rows: 1
# columns: 5
# name: <cell-element>
# type: matrix
# rows: 61
# columns: 2
 0.4985796587099612 0.5139211874046471
 0.5591919122540485 0.5648639167333805
 0.5788328492817503 0.5874826156495639
 0.5276325210933137 0.6013217554050463
 0.5239006368432593 0.5987655070879905
 0.5412534590831606 0.603422097228322
 0.5377503713196411 0.6079176417190509
 0.5459242282932323 0.6133866922134058
 0.5589625974105195 0.6089168896303905
 0.580802041207128 0.6096286423352679
 0.5796172002402024 0.62124300560534
 0.5742743379927326 0.6174888423642025
 0.5681074082849741 0.6145197676912196
 0.5874886050865764 0.6165213437541284
 0.574777476109377 0.6260709381393621
 0.5750222160631283 0.6103748236512911
 0.5777113907624035 0.6116748570210199
 0.5787509731450871 0.6251017198007377
 0.5745893479273575 0.6320411694248474
 0.5573423858464831 0.6133547889441192
 0.5634573292279186 0.6179420944152834
 0.5417274334764781 0.6230795980036535
 0.567357504142764 0.6205361838984791
 0.5853251616411705 0.6243276117716056
 0.5739914905424505 0.6258269838749236
 0.5852699227322173 0.6358382368499297
 0.572036201565329 0.6174309688980589
 0.5621469062289363 0.6185112360219046
 0.5849434670127969 0.6143632035626178
 0.583181898639918 0.6211956063925798
 0.5778387062019733 0.6227451259839571
 0.5956765974192515 0.6169128380488573
 0.5705887249721835 0.6199930309356068
 0.5860819281229112 0.6213195478378284
 0.58452421724088 0.6250322377034687
 0.5842870187768644 0.6285655375847919
 0.5914632433777691 0.6113690898938487
 0.5827610534384897 0.6110172773787111
 0.5882841047593993 0.6177781530171162
 0.5836588531361108 0.6138609322077405
 0.5955466039803001 0.6221084971701588
 0.5906214182960208 0.619695891238339
 0.5687182409454613 0.6118271281891215
 0.5860143642094319 0.6118047905433812
 0.5781207593694374 0.6147770885445035
 0.5840652466502154 0.6207473223045906
 0.5795114035961118 0.6144610249609941
 0.5743941114830136 0.6158749235699924
 0.5842873438042171 0.6298350959706385
 0.5828373523978305 0.6117054305830377
 0.5639466994870193 0.6147639576383593
 0.5887077759180759 0.6264950358359651
 0.5871096684230621 0.6134079053865886
 0.585532007135306 0.61655076033731
 0.5849888398592136 0.6081677253512408
 0.5883316029914805 0.6129349157626551
 0.5901147469584557 0.612256146004897
 0.5890858822580806 0.6096872700865535
 0.572454104472046 0.6348487343204421
 0.5767280187914355 0.6221228195727031
 0.5870017758376824 0.6178109982269651



# name: <cell-element>
# type: matrix
# rows: 61
# columns: 2
 0.5165934958108059 0.52094114097016
 0.5479663771608733 0.5556422178922916
 0.5542760125031044 0.5522841801025473
 0.52862638127129 0.5289374921271718
 0.5503161607322331 0.5364064833958251
 0.5681808936521302 0.5377469543142782
 0.5609196300354924 0.5245556072738806
 0.5376941570931622 0.5388077957945778
 0.5636803245509774 0.5689295391704611
 0.5849743510975492 0.5752187888919795
 0.5894699715193776 0.5992244989383753
 0.5755247985249845 0.5853582656686566
 0.5762031776740094 0.5735183639745777
 0.5843393848211144 0.5804121170777721
 0.5737017156594738 0.5788275998867405
 0.5809120207495998 0.5449045818496207
 0.5724205155232134 0.5640003754422505
 0.5752288280639304 0.5509691105665786
 0.575669695961987 0.5694987505557424
 0.592971680633082 0.559102436657509
 0.5864586606505794 0.553611240554725
 0.5817495923097241 0.5512343399080808
 0.571846705591901 0.5507040565770708
 0.5845347391260567 0.5667617709408984
 0.583965483049357 0.5536507957880775
 0.5755578224130053 0.5671780570084767
 0.5715341087462555 0.557469599587089
 0.5924883941359034 0.5457290040292184
 0.5940106614733757 0.5471022606831922
 0.5832722463611238 0.5531283525740568
 0.5959982296029809 0.5440895948538751
 0.5853983278925443 0.5559545972749892
 0.5925713418781999 0.5485167911914934
 0.5950639730773857 0.5411018995341405
 0.5936913215355176 0.5514374928954282
 0.6049137342152023 0.5409674522970087
 0.5863910174576481 0.5333606317842297
 0.5750831246314816 0.5509077148874018
 0.5934509318714071 0.5441476783381449
 0.5944471759076724 0.5365607594698952
 0.5811839801475245 0.5337011046069661
 0.592744362641198 0.5368402347449657
 0.5809016261479234 0.5456570963920701
 0.5945815100013572 0.5292891009319108
 0.5936341266123294 0.5374445926623862
 0.5821439963213102 0.5411042493287682
 0.5816487650857395 0.5194447052930522
 0.5784247648987176 0.5368525353911536
 0.5842272484013674 0.5313650793923023
 0.5963672275281954 0.5391020913660955
 0.5679366107405643 0.5254937128935309
 0.5903360651770806 0.5329309679062743
 0.5900043395928344 0.5338459452039067
 0.5853179303658891 0.5405718274021852
 0.583731744396668 0.5383561665370841
 0.5753463781504193 0.5317732913199388
 0.5885822321843045 0.5417220449432394
 0.5825588884133328 0.5525293444031969
 0.5932518022667755 0.5396648006851483
 0.5854688513139562 0.5347938311835024
 0.5910069709422617 0.5366222805080327



# name: <cell-element>
# type: matrix
# rows: 61
# columns: 2
 0.4767904520757599 0.4693718904167166
 0.5049532761952709 0.5250807952952115
 0.5154608975842481 0.539811301121003
 0.5180177104886454 0.5498980579012475
 0.5280777486957766 0.5562920119533966
 0.5312356516874543 0.5574992320539205
 0.5334992300824051 0.5618511100499092
 0.5489881188921599 0.5672733222412301
 0.5479918556781217 0.571455838894297
 0.5538638189291415 0.5448588889627106
 0.5598704218324512 0.5538020394871331
 0.5599454880540279 0.5570878407422529
 0.539810856859218 0.5496890909586883
 0.5594997099048165 0.5572309280600056
 0.5661458674147754 0.553554669015575
 0.5307880266356857 0.5447936939881354
 0.5430700263867752 0.5523141152956059
 0.5576326970036602 0.5511234703464281
 0.5474264956044769 0.539577600056152
 0.5571884422710569 0.5529965317199773
 0.5610642110584357 0.5494677286127158
 0.5531607435886454 0.5460755776837879
 0.5708694874839509 0.5485878684549854
 0.5548430981319959 0.557391900823844
 0.5619486650283926 0.5517148525499067
 0.5393341346911852 0.5273790501822723
 0.5522987090559939 0.5498696329332398
 0.5668543027849158 0.5447047305220077
 0.554601655624714 0.542255545275206
 0.5513814221215113 0.5444317204811284
 0.5543614780882711 0.5351784649759753
 0.5508920979845842 0.5519249084677076
 0.5610040265644783 0.5355893478683398
 0.5604743153561866 0.5326579741348765
 0.5616487478960033 0.5517901118609679
 0.5699732655551852 0.5408764593063511
 0.5439919091073444 0.5348984950448894
 0.5509844072102569 0.5335852939229865
 0.5579911770362996 0.5391543339289256
 0.5640091839124837 0.5433994660103294
 0.5579911945658816 0.5316487694573861
 0.5506310211169986 0.5320222813573834
 0.5552301640680358 0.5420179651362362
 0.5587262957187996 0.5415763214910549
 0.5643424099768775 0.5408072282842198
 0.5491907598259518 0.5345986537681972
 0.5536066832560169 0.5313151567248264
 0.5592798279756086 0.5430075478305115
 0.5406633459564388 0.5431236468823049
 0.5368000864036411 0.5414823908950127
 0.5480780911384827 0.5368906837109901
 0.5570194135551189 0.5474162409325032
 0.5629036591074558 0.5479624510259544
 0.5586843381385623 0.5510466737285166
 0.5447633944476212 0.5507654904685785
 0.5559149825391693 0.5360080671570215
 0.5628746488969528 0.528155490251748
 0.5648860852189671 0.5494032101023615
 0.5738637829914526 0.5400399919974934
 0.5471560931511043 0.5377549628813398
 0.5277115245251446 0.5455378759184232



