# Created by Octave 4.0.3, Wed May 09 21:54:23 2018 CEST <olethros@olethros-desktop>
# name: results
# type: struct
# ndims: 2
 1 5
# length: 3
# name: PU
# type: cell
# rows: 1
# columns: 5
# name: <cell-element>
# type: matrix
# rows: 61
# columns: 2
 0.4739991266438752 0.4629001263158123
 0.5772902146102232 0.5320591698969837
 0.5505429717264568 0.5243239086137809
 0.5777975896816011 0.5577591256787765
 0.5768417643298854 0.5646260595767126
 0.5866201441209388 0.59342200183056
 0.5777721447323528 0.5935123621791227
 0.5998198641759896 0.5916075917807601
 0.6117634469967754 0.5961091950923629
 0.5530047716389014 0.5947566059788237
 0.6177647797788415 0.6002059822513447
 0.6056858903259288 0.5980792176846271
 0.5790117293662632 0.5968581150618562
 0.6150950823829798 0.5931054767065121
 0.6080340855130441 0.5941044332093453
 0.6021175103784105 0.6014726050093531
 0.608827270261608 0.597661228725234
 0.6125196423398637 0.5954542581167701
 0.6246571807194705 0.5947613526754971
 0.6077085331415495 0.5967792503363264
 0.6251741437608137 0.6077126581445376
 0.6342265568994695 0.5948397420393083
 0.6158936426880063 0.5953854059791495
 0.6241553731440911 0.6029123301347088
 0.6244854800744659 0.6179948955634065
 0.6126404180154312 0.6159033070535079
 0.6095681409302546 0.6165041394531767
 0.6252612696292206 0.6107646712567496
 0.6068928347842647 0.6073824928712348
 0.6209498683812459 0.61356965449687
 0.6291817242883282 0.6173746009818653
 0.616977061587719 0.6175016073032256
 0.6098566394836817 0.6121371488771127
 0.6273755005614217 0.6220283298464975
 0.6258314916013975 0.6116710730755278
 0.6273182274801402 0.6081764177139289
 0.616707588599521 0.6160606119178555
 0.6165298626026081 0.6133678674850934
 0.6187121858059706 0.618228497422537
 0.6183403264258874 0.6108218484515291
 0.612318266842339 0.62511050906535
 0.6279816334459738 0.6095528031473492
 0.6268438387778867 0.6190669612550992
 0.6113134088748936 0.6144083405049744
 0.6082318298499343 0.6164769389216834
 0.6167071540323137 0.6228311980749554
 0.6282334826214652 0.6134847236544113
 0.6234081209602417 0.6123408517318621
 0.6099301297452375 0.6154578669893805
 0.6118694519954871 0.6134313071755864
 0.6162637586932087 0.6132905340053731
 0.6014036808783728 0.6117829720326916
 0.6271952191453211 0.6165959927339317
 0.6233111423504543 0.6132955704999398
 0.617682925021322 0.6129987681966735
 0.6193578485893299 0.6138562037443719
 0.6220767450292218 0.6170907788495962
 0.6051252686538625 0.6120011416112418
 0.6121970000831672 0.6210124060525845
 0.6115171122033219 0.6054551927547105
 0.6148348633480879 0.6053841179982782



# name: <cell-element>
# type: matrix
# rows: 61
# columns: 2
 0.5341156620525683 0.5473932282956856
 0.5822666443229749 0.6003770692607824
 0.5752640196292301 0.5840432994506526
 0.5675701934601651 0.5881741716617932
 0.5640609999819846 0.5821396953283645
 0.5672917892624525 0.5788879950462641
 0.5442397480945254 0.5816378215005417
 0.5843854756738289 0.5892050599731882
 0.5972020424326053 0.5962958151236429
 0.573114386455181 0.5711831504368586
 0.6024260606899007 0.5749711290927684
 0.6038611228830473 0.5640301124648133
 0.5887375262973037 0.5755068880532446
 0.5853497921809566 0.5709228116918806
 0.5891381841430698 0.5633855161209629
 0.5746170178109171 0.5508991734522632
 0.574521371536993 0.5614460592793211
 0.5788734977900919 0.5539223376523575
 0.5917252201339701 0.539524536364779
 0.5714420643591442 0.5613121140481825
 0.5927648294241986 0.5417656284955888
 0.5948579591755696 0.5505067012133765
 0.5975437146000155 0.5502321150454467
 0.6064573193490744 0.5512427130998264
 0.5949753280947668 0.5539299668625032
 0.6049845324595061 0.59539079352706
 0.6170689831249476 0.5892319090209059
 0.5985601248799326 0.5780004610808289
 0.6054745422496408 0.5858501448754591
 0.587639370372894 0.5847169268527259
 0.595735623916098 0.5731316666310808
 0.6068521967659219 0.5780440156085999
 0.5856459262580611 0.5845921664552975
 0.5996492813749049 0.5786169558522833
 0.5897564841255741 0.5783180134875181
 0.5747136479645178 0.5694477694880804
 0.597427023521621 0.571265377589414
 0.5789174427605727 0.5722554526614407
 0.5780764555169499 0.5659730455614984
 0.5824555831016036 0.5841540908651177
 0.5880308072889964 0.5900764594439019
 0.5904596020442905 0.5828761784515631
 0.5865300648389182 0.6044630816702662
 0.601668037444073 0.5901569860498528
 0.5999694950405925 0.5879708436444182
 0.590021426617077 0.5810863338977016
 0.5741201260691288 0.583961835527905
 0.5831074876021464 0.5803304624632619
 0.5788061196132407 0.5716190965828958
 0.5910909366085126 0.5721180163239952
 0.6014362270364028 0.5799157049354451
 0.5948587185353228 0.5806502344732122
 0.5771668697798287 0.5729725944249888
 0.5727942054531268 0.5664585013824084
 0.5869218454533119 0.5858542398396106
 0.5934577505282842 0.5913576186223132
 0.5930055693616553 0.6021653128336739
 0.5769502331595036 0.5903845704124503
 0.5824175453264757 0.5858770330064895
 0.5780768861708491 0.5848989779840771
 0.5900465079070031 0.58807704252916



# name: <cell-element>
# type: matrix
# rows: 61
# columns: 2
 0.4546610830863049 0.4649688913037713
 0.5099906464489513 0.5258766344366194
 0.5647074480737593 0.5474609378968589
 0.5403900183342928 0.5557182984651436
 0.5176294402728233 0.5557280682401541
 0.5492976422083583 0.542198331686412
 0.5621200173880755 0.5498836248637079
 0.5532689300096247 0.5692369121565803
 0.5684476146304427 0.5680977638489448
 0.5583270314416542 0.5676498831880674
 0.5640148542745459 0.5836379663897342
 0.559572556949767 0.5648912418214985
 0.5804209408016692 0.5527128751192041
 0.5573864244585367 0.5678648238559866
 0.5730426099227431 0.5644088784779948
 0.5673945837897367 0.5665228385955736
 0.5556128825704989 0.5653451955356631
 0.5514741281423386 0.5586092938577364
 0.5498250039759033 0.5571009140451075
 0.554563700945683 0.5684748241552127
 0.5573344764067557 0.5510831748942004
 0.5696912447812804 0.5512220948524945
 0.5551309899118654 0.563871937148912
 0.5326526977024656 0.5743325083766047
 0.5763628131479406 0.5563677020564859
 0.5533322162444563 0.5528448243955486
 0.5644157007439239 0.5644828893404543
 0.5682210927709512 0.5468375720614613
 0.5637424926858428 0.5644821412193477
 0.540928589598993 0.5762296800810642
 0.5646665278691243 0.565082987037955
 0.5433775566576154 0.5543886848551993
 0.5396980606115386 0.5536950933193473
 0.5829748638857474 0.5635895493407909
 0.5686048147933207 0.5586262392081378
 0.5542702664136823 0.5751709923439475
 0.5429635077802366 0.539489795846111
 0.5534186256716035 0.5431114162503845
 0.5858885292932419 0.5571473151424333
 0.5531331818098825 0.5502234308754053
 0.5471708718694903 0.5530249191967787
 0.5613029921852205 0.5684040985943032
 0.5504412506275568 0.5711769156548597
 0.5597651785483267 0.5569511611678747
 0.5534608468367562 0.5515053575467033
 0.5666237955119652 0.5596714627366489
 0.5602368255449887 0.5505243269435857
 0.5670677992679061 0.563698981595855
 0.562200606520434 0.5583537518092556
 0.5630112754494774 0.5341836210398094
 0.569424723651522 0.5485712786253747
 0.5538051577932042 0.5593284570022715
 0.5663693786938774 0.5443843850871528
 0.5643319929228734 0.538271984964772
 0.5451998842861837 0.556295091646274
 0.5590800004214835 0.5486555574560977
 0.5789814015839346 0.542012420164463
 0.5434126559336392 0.5541186478345634
 0.5614676567588671 0.5484480226719854
 0.545916339253769 0.5508214969704167
 0.5604511283069086 0.5593983073143667



