# Created by Octave 4.0.0, Tue Apr 17 10:57:59 2018 CEST <olethros@olethros-OptiPlex-9010>
# name: A
# type: scalar
2


# name: K
# type: scalar
3


# name: PF
# type: matrix
# ndims: 3
 100 3 2
 1.00161650728371
 0.9367502633017182
 0.596572197302408
 0.4916565425169244
 0.5199022318402383
 0.5190943846310301
 0.5191164387669335
 0.5191384230376891
 0.5191282428947842
 0.5204524806035389
 0.5191741240414049
 0.5199380523244438
 0.51977710912369
 0.5191752253846416
 0.519175224543424
 0.5199581344966118
 0.5191752414931073
 0.519231566205632
 0.5191752394758231
 0.5195510479190986
 0.519175241043117
 0.5202461102448721
 0.5191752411941243
 0.51917524120752
 0.5206074895214597
 0.519175241209932
 0.5191752412104674
 0.5191752412104989
 0.5201613261914166
 0.5196770497300137
 0.5191752412105268
 0.5191752412105346
 0.5191752412105367
 0.519175241210537
 0.519175241210537
 0.519175241210537
 0.5195694186009973
 0.519323420979223
 0.5203831311385585
 0.519175241210537
 0.519175241210537
 0.5192429366963227
 0.5195052931804939
 0.519175241210537
 0.5200485219348625
 0.519175241210537
 0.519175241210537
 0.519175241210537
 0.5193138143587084
 0.519175241210537
 0.519175241210537
 0.5192537596097084
 0.519175241210537
 0.5207580944499035
 0.519175241210537
 0.519175241210537
 0.51936391456886
 0.519175241210537
 0.5207971629855992
 0.519175241210537
 0.519175241210537
 0.5195502752013302
 0.5192465434296591
 0.519175241210537
 0.519175241210537
 0.519175241210537
 0.519175241210537
 0.519175241210537
 0.5206960582349043
 0.5202136134508732
 0.519175241210537
 0.519175241210537
 0.519175241210537
 0.519175241210537
 0.5204812273024038
 0.519175241210537
 0.519175241210537
 0.519175241210537
 0.519175241210537
 0.519175241210537
 0.519175241210537
 0.519175241210537
 0.519175241210537
 0.519175241210537
 0.519175241210537
 0.519175241210537
 0.519175241210537
 0.519175241210537
 0.5203554372044608
 0.5194020228294871
 0.5204318221867662
 0.519175241210537
 0.519175241210537
 0.519175241210537
 0.5201476583932725
 0.5203619724852558
 0.519175241210537
 0.519175241210537
 0.5192912810093109
 0.5199944709384878
 0.3536741939781229
 0.09331849057642959
 0.2081863592643134
 0.1485168482195841
 0.5073298286550872
 0.5083635864359446
 0.5154299134546315
 0.5053296077439404
 0.5156805614188904
 0.5185548170665574
 0.5116466434089437
 0.5134481089149114
 0.5127728840420915
 0.5181824636534104
 0.5160869745352711
 0.5191752311329696
 0.5115447919471002
 0.5191752348241585
 0.51331126737511
 0.5195167500556535
 0.5191974926656013
 0.5087638815025233
 0.5141368450783049
 0.5095775813023313
 0.5191752412080251
 0.5081857152254474
 0.5173844322153621
 0.5087358526193292
 0.5143101667812896
 0.5173895655932617
 0.5143413604042968
 0.5185800485887697
 0.5191752412105334
 0.5171299715766293
 0.5128329990609874
 0.5203306630986607
 0.5113563986247174
 0.5171502229980407
 0.519175241210537
 0.519175241210537
 0.5136782497409234
 0.51701006974284
 0.5182874530941741
 0.514347226803695
 0.5201382972505966
 0.5148288206774518
 0.5137100958891125
 0.519175241210537
 0.5186742639764335
 0.5175356692175044
 0.519175241210537
 0.5161516419533427
 0.5184391818646987
 0.5156268416683005
 0.520241668313422
 0.5180879736396011
 0.5121824997099444
 0.5154191229759908
 0.5107453503160702
 0.5170295217950107
 0.519175241210537
 0.519175241210537
 0.5180629312071806
 0.519175241210537
 0.5126065507382729
 0.5161723143677597
 0.5196542514529165
 0.5087457842017162
 0.5167147801729226
 0.5165869936791443
 0.5185510541952403
 0.5182066024527899
 0.5197200378411316
 0.5144263921898979
 0.5201540789510594
 0.519175241210537
 0.511804849923355
 0.519175241210537
 0.519175241210537
 0.5144066973176051
 0.5204351305443069
 0.519175241210537
 0.5092585023814802
 0.519175241210537
 0.518619696209669
 0.519175241210537
 0.5113585129299223
 0.5133271036707088
 0.519175241210537
 0.519175241210537
 0.5176973944461993
 0.5193482767289
 0.5209424448208049
 0.5120536395426265
 0.5141410298700102
 0.5133043041174056
 0.5190821326028702
 0.520969728599182
 0.5192200404002644
 0.5210338733680374
 0.0001769829944476701
 0.008310658242115153
 0.01482113923618803
 0.01131051713184587
 0.007842110266284574
 0.002857313227864864
 0.002575733302967396
 0.0003416430967065843
 5.73235530412678e-05
 1.270598118837139e-05
 8.607525010935436e-07
 9.681967209970038e-07
 2.402109627578264e-07
 2.093734130946052e-06
 2.733339964829551e-06
 2.04815825986896e-06
 1.380512970536968e-05
 2.646450836553123e-07
 5.643289976953961e-08
 2.610931127070416e-08
 6.048126753040823e-08
 1.898834463829376e-08
 2.328669245577314e-08
 1.693355798805659e-08
 2.283786241332787e-08
 5.394137677814607e-08
 4.180945909718504e-08
 4.170500299478016e-08
 9.129325036661296e-09
 6.746827130126292e-08
 3.339381589886848e-08
 2.874775865643366e-08
 1.754173950595326e-08
 3.810595754891633e-08
 6.931014586320384e-09
 1.212942761074504e-08
 2.141977439043758e-08
 5.507419811052458e-08
 1.473110247793199e-08
 1.662150283810717e-08
 4.652946865952787e-08
 2.415292124443203e-08
 3.397926204496598e-08
 9.108868444080939e-08
 2.952576679695717e-08
 1.365018712065668e-08
 5.694205987527264e-08
 5.554284260661188e-08
 9.47343596662464e-09
 3.373971001587386e-08
 2.027067739877875e-08
 4.293440531019047e-08
 6.341993247335927e-08
 4.550994240717942e-08
 3.988669010520068e-08
 4.043339185797086e-08
 6.081015929820517e-08
 6.63920219002483e-09
 1.997181250156595e-08
 2.722120105350502e-08
 6.064910286127361e-08
 1.633250236335142e-09
 7.627549947962454e-08
 4.29001022827038e-09
 3.2257118217575e-08
 4.932404758261656e-08
 9.801711834810534e-09
 2.571783336708907e-08
 1.509142182667131e-08
 3.588906891870093e-08
 3.768472955619027e-09
 6.914895001112727e-08
 5.804491270039501e-08
 2.943660052130291e-08
 2.359976885934296e-08
 5.987656354240756e-09
 1.726334085808189e-08
 9.334498969206071e-09
 4.245466999257418e-08
 6.80637342694761e-09
 2.176305649678501e-08
 1.404190266423048e-08
 3.24081919349131e-08
 4.057153308827783e-09
 1.7770181540475e-08
 2.971234855446122e-08
 5.284398133144222e-08
 2.621014781264714e-08
 3.894566178588659e-08
 1.533442850102469e-08
 5.196779274561827e-08
 4.111796064217152e-08
 2.177456339964422e-09
 1.43802542780199e-08
 3.842937432423782e-08
 2.467903483432737e-08
 2.949866672534007e-08
 1.796127120352962e-08
 1.004466443774372e-07
 6.234234199356667e-08
 0.9735863925945292
 1.056643954218045
 0.1199141840240582
 1.15634283185914
 1.15634283185914
 1.15634283185914
 1.15634283185914
 1.15634283185914
 1.15634283185914
 1.15634283185914
 1.15634283185914
 1.15634283185914
 1.15634283185914
 0.1120712314421537
 0.1120712314421537
 0.1120712314421537
 0.5065722204086784
 0.4973154468138283
 0.5216158470018968
 0.520420766100406
 0.5201645447021546
 0.519175241210537
 0.519175241210537
 0.5213479397163041
 0.5196627595375379
 0.5206645467406161
 0.519175241210537
 0.5209130976631807
 0.519175241210537
 0.519175241210537
 0.519175241210537
 0.519175241210537
 0.5196573710002985
 0.5204091467254101
 0.5194247731155817
 0.5204326749328976
 0.519175241210537
 0.5207424054352308
 0.519175241210537
 0.519175241210537
 0.5207278200109264
 0.519175241210537
 0.519175241210537
 0.5198302038323299
 0.5192752609740678
 0.519175241210537
 0.519175241210537
 0.519175241210537
 0.519175241210537
 0.519175241210537
 0.519175241210537
 0.5211111152794168
 0.519175241210537
 0.519175241210537
 0.5192433490606868
 0.519175241210537
 0.519175241210537
 0.5194753958746485
 0.519175241210537
 0.519175241210537
 0.519175241210537
 0.519175241210537
 0.5193621030769678
 0.519175241210537
 0.5199069631713538
 0.519175241210537
 0.519175241210537
 0.519175241210537
 0.519175241210537
 0.519175241210537
 0.519175241210537
 0.519175241210537
 0.5196040200537071
 0.5198698999670084
 0.519175241210537
 0.5208474146979318
 0.5201133825908451
 0.519175241210537
 0.519175241210537
 0.519175241210537
 0.5201026296964751
 0.5199094275410159
 0.5207671444777853
