# Created by Octave 4.0.0, Sat Apr 14 06:30:29 2018 CEST <olethros@olethros-OptiPlex-9010>
# name: A
# type: scalar
2


# name: K
# type: scalar
3


# name: PF
# type: matrix
# ndims: 3
 100 3 2
 0.3218307588457339
 0.1125128847576675
 0.1355927150447914
 0.07154318851370498
 0.07126072545999342
 0.1917348456338999
 0.1917636910334763
 0.1917661714526989
 0.1917832589914903
 0.1917874718773744
 0.4840283821281079
 0.1124617416184936
 0.1917780917717446
 0.1917647242856438
 0.1917644161430068
 0.1917604666062943
 0.1917604171941568
 0.1917603926579939
 0.1917604416284773
 0.1917604307136413
 0.1917603040466123
 0.1917602717031453
 0.1917603695127114
 0.1917604227253389
 0.1917604086120168
 0.1917604474674841
 0.1917604745129195
 0.1917604906574057
 0.1917604869795146
 0.1917604399674494
 0.1917604673431506
 0.1917604543872533
 0.1917604952570691
 0.1917604922857728
 0.1917604929669937
 0.1917604870320178
 0.1917604794686592
 0.1917604740718648
 0.1917604629526843
 0.191760483747866
 0.1917604752834406
 0.1917604644966715
 0.1917604846701706
 0.191760504984527
 0.191760505278031
 0.1917605038462399
 0.1917605081754601
 0.1917604721791965
 0.1917604877420223
 0.1917604985557413
 0.1917604990455228
 0.1917605047514965
 0.1917605087162048
 0.1917605127085037
 0.1917605139908777
 0.1917605138243729
 0.1917605137055633
 0.1917605140648002
 0.1917605139185785
 0.1917605143795672
 0.1917605143862275
 0.1917605144713849
 0.1917605145222526
 0.1917605145245564
 0.1917605144000097
 0.1917605144060459
 0.191760514536147
 0.1917605145609372
 0.1917605145552873
 0.1917605144830594
 0.1917605144516007
 0.1917605145507796
 0.1917605145696779
 0.1917605145619856
 0.1917605145763715
 0.1917605145849647
 0.1917605145900977
 0.1917605145880084
 0.191760514533617
 0.191760514535574
 0.1917605145185243
 0.1917605143989269
 0.1917605143443837
 0.1917605142748748
 0.1917605142252765
 0.1917605141230867
 0.1917605139928578
 0.1917605135954012
 0.1917605139989965
 0.1917605142400782
 0.1917604607948153
 0.1917604460329538
 0.1917604354997984
 0.1917604137982576
 0.1917603861431594
 0.191760350901555
 0.1917602433556001
 0.1917584036400174
 0.1917570199423266
 0.1917584250323351
 0.09553724262124069
 0.2357209019762843
 0.1590689329808505
 0.1426853700560394
 0.1116542056615021
 0.09110571032952064
 0.1229961179464549
 0.1498639869534377
 0.08791537101288542
 0.0886382152523163
 0.1046222051135429
 0.0928359944840086
 0.210371808861471
 0.2104992539278377
 0.2103900970798763
 0.2103389425972927
 0.2103649939935829
 0.2103833983573382
 0.2104104307169464
 0.2103569647183697
 0.210443055603808
 0.210475088870475
 0.2105517381377675
 0.2106872782477023
 0.2103858021676972
 0.2102967633299147
 0.2102511513590088
 0.2103475583981195
 0.2103257439235302
 0.2103342164238445
 0.2104313826658317
 0.2102129068174859
 0.2102835462822992
 0.2105138008649383
 0.2103121950749734
 0.2103730590186118
 0.2105050046043505
 0.2102541029653842
 0.2104281407796152
 0.2103313259792626
 0.2103069180391549
 0.2103922932414219
 0.2103111128299124
 0.2103297843713086
 0.2103078495878355
 0.2102061693481635
 0.2103232541776783
 0.210333119040835
 0.2104661578702577
 0.2104881395373904
 0.2103586725519499
 0.2102348694011713
 0.2104892695619682
 0.2102994672027178
 0.210352323584554
 0.210384502359831
 0.2103722996852884
 0.2103436799670931
 0.2102088778393065
 0.2103573097136869
 0.2102897411491889
 0.2102715806825058
 0.2103319535754008
 0.2102169417225636
 0.2107810779524437
 0.2103499906163562
 0.2105655442566912
 0.2103840969639193
 0.2103484269984721
 0.2101476231325765
 0.2103658416696637
 0.2104618006713233
 0.2103424081098002
 0.210470310340044
 0.210353027054657
 0.2103366891475013
 0.2103307049383217
 0.210352108948816
 0.2103284063255161
 0.2106153553862914
 0.2103469548484678
 0.2104946399233165
 0.2103577758029171
 0.2104895510732263
 0.2103754487435885
 0.2103139294220316
 0.2103210311207322
 0.2102856045992446
 0.21048226504954
 0.210356407684561
 0.2103642715813981
 0.2104890555540803
 0.2105063962117549
 0.2103600365072577
 0.2104378061961663
 0.2104133124562715
 0.2103166484028345
 0.2103388961818005
 0.2103661210113624
 0.2103457749580576
 5.987398420369879e-06
 0.0006650792016155956
 0.006128034650168202
 0.0007988027518912567
 0.0007484559462721356
 0.0005101752798769327
 0.001143817216170875
 0.006295283863555447
 0.008995510668440183
 0.0002058362762395456
 0.001752554584670973
 0.0004178184354822395
 0.001194737958884293
 0.0009166041641399708
 0.0004133775996099897
 0.0002503229093740371
 7.706990320856667e-05
 0.000414295971845511
 0.0003347144474831514
 3.902922847490403e-05
 5.759609924912697e-06
 1.371518529787044e-06
 2.118907625452127e-06
 9.454018800749255e-07
 4.891549342375331e-07
 3.695313257176449e-07
 4.010846048048498e-08
 4.413277317704377e-09
 3.217699473512768e-09
 2.76442645983678e-08
 1.477460981249429e-11
 2.101717866583031e-11
 2.014124110549798e-12
 9.509884199565555e-13
 3.802873814462426e-13
 6.373937835868482e-14
 1.986876375231761e-14
 8.352693536828326e-15
 5.955414113245627e-15
 4.00981331472039e-15
 7.252336751972788e-15
 8.69421722116126e-15
 1.447691792832995e-14
 1.026013041888207e-14
 1.48765548491081e-14
 8.420510382717294e-15
 6.447370849010925e-15
 8.170357836470576e-15
 6.717282979851191e-15
 7.845503760539607e-15
 8.173583337933721e-15
 5.815009931908754e-15
 7.739712733559334e-15
 8.658004868600244e-15
 6.190577564457733e-15
 5.905432393094046e-15
 7.882583474838611e-15
 5.14443088822647e-15
 7.666610402079499e-15
 6.236547736571119e-15
 8.15797082664993e-15
 8.278100427361323e-15
 8.536574225281868e-15
 3.686178966233467e-15
 8.170981252719756e-15
 7.618038144752148e-15
 6.740376486125133e-15
 5.660619542546819e-15
 6.369904603786836e-15
 5.646524914304507e-15
 8.158838188387918e-15
 4.141869139329124e-15
 8.215753720245723e-15
 8.795156443419661e-15
 7.203656074428189e-15
 8.788000709081256e-15
 2.358356565590469e-15
 8.073619897630557e-15
 5.541790984442407e-15
 6.440811425867388e-15
 8.181931694661859e-15
 6.507083283660564e-15
 3.223116218364908e-15
 7.741203511546502e-15
 7.46755088321116e-15
 3.073442108453284e-15
 6.517572939679361e-15
 8.453009342837547e-15
 6.697875760963701e-15
 7.913157976102703e-15
 6.465748075834554e-15
 7.764730698689437e-15
 8.161006592732889e-15
 6.466398597138046e-15
 8.200254711376864e-15
 8.184208519224079e-15
 8.154501379697976e-15
 8.173800178368218e-15
 7.679837668583822e-15
 8.147779326228566e-15
 0.3222048538021639
 0.6277472095183816
 0.6277472095183816
 0.1754459476643938
 0.6587803091442819
 0.5984551075105455
 0.3836442542736511
 0.6587803091442819
 0.6587803091442819
 0.1119943227294018
 0.4100826469638186
 0.4100826469638186
 0.5963475291092381
 0.1917605145977123
 0.1917605145977123
 0.1917605145977123
 0.1917605145977123
 0.1917605145977123
 0.2911162353290573
 0.3482675226700175
 0.2911162353290573
 0.2695194654882014
 0.196562619947252
 0.1917605145977123
 0.1917605145977123
 0.1917605145977123
 0.216116345817853
 0.1917605145977123
 0.1917605145977123
 0.1917605145977123
 0.1917605145977123
 0.1917605145977123
 0.1917605145977123
 0.1917605145977123
 0.1989317128599349
 0.2151723380512178
 0.2556325495510707
 0.2826377466255319
 0.2667911794901907
 0.2544756091614868
 0.2911162353290573
 0.1917605145977123
 0.1917605145977123
 0.1917605145977123
 0.1917605145977123
 0.1917605145977123
 0.1917605145977123
 0.1917605145977123
 0.1917605145977123
 0.1917605145977123
 0.1917605145977123
 0.1917605145977123
 0.1917605145977123
 0.1917605145977123
 0.1917605145977123
 0.1917605145977123
 0.1917605145977123
 0.1917605145977123
 0.1917605145977123
 0.1917605145977123
 0.1917605145977123
 0.1917605145977123
 0.1917605145977123
 0.1917605145977123
 0.1917605145977123
 0.1917605145977123
 0.1917605145977123
 0.1917605145977123
 0.1917605145977123
 0.1917605145977123
 0.1917605145977123
 0.1917605145977123
 0.1917605145977123
 0.1917605145977123
 0.1917605145977123
 0.1917605145977123
