# Created by Octave 4.0.3, Sun May 06 13:42:34 2018 CEST <olethros@olethros-desktop>
# name: results
# type: struct
# ndims: 2
 1 5
# length: 3
# name: PU
# type: cell
# rows: 1
# columns: 5
# name: <cell-element>
# type: matrix
# rows: 100
# columns: 2
 0.4844328953027503 0.4541266039126831
 0.4027824923703601 0.4541266039126831
 0.4103995813754437 0.5320588126572553
 0.5261318939864422 0.5543248556666449
 0.4088953248114706 0.5298630313663247
 0.5145341087660096 0.4870119419731001
 0.4287031865407268 0.6035098620547232
 0.6749096038396392 0.6088179403865113
 0.5367197593314739 0.5713385143527836
 0.4282837508608284 0.6437911264371978
 0.5787847511847971 0.6250364361698231
 0.5963851089858883 0.6171412909678604
 0.5299032055588975 0.6517309627459953
 0.4924632258146833 0.6435518378921512
 0.4710465452754588 0.6494942610341727
 0.7076696855487636 0.6397308035444988
 0.6704026928703704 0.6308251261028441
 0.5335757771322396 0.6533631901197376
 0.6106321117028908 0.6354792632267185
 0.5689190246230652 0.6584606204867365
 0.639055633299052 0.6360198041358451
 0.5159806040970235 0.5868755432403138
 0.5689011582987189 0.6249753686055488
 0.6346943003334005 0.6313194929466077
 0.4351757481296352 0.6564423505357218
 0.5145341087660096 0.647667081557084
 0.4755361560261881 0.6818092490696752
 0.481952247448375 0.6642513411038873
 0.5815446015671084 0.612023937278527
 0.5663358588413642 0.6468046292097633
 0.5689011582987189 0.6176483185850299
 0.4856248190217172 0.6386459908649544
 0.5145341087660096 0.646188146766228
 0.5335757771322396 0.6181838727080273
 0.443354757058943 0.6135433448473564
 0.5299032055588975 0.641203262154602
 0.5335757771322396 0.627736081810893
 0.6053338115811857 0.6367761343126503
 0.5725737298720611 0.5865151755073734
 0.6712370322662971 0.673583491919707
 0.6168699827335877 0.6427201615515212
 0.6000576805592305 0.645218399527578
 0.6322390795264754 0.6320809309227993
 0.6322390795264754 0.6425179913070087
 0.4373188464076319 0.6152424316240386
 0.4792087275995303 0.6611086009479754
 0.5663358588413642 0.6475384121950849
 0.6712370322662971 0.6219357175993214
 0.5540574983948486 0.6338327592519222
 0.5472941904751341 0.6328179464667403
 0.6168699827335877 0.6483537854806727
 0.6712370322662971 0.6816393900764248
 0.5778720299937662 0.6535330522836527
 0.515112791507889 0.6223160364130218
 0.6016612400078434 0.6535070020032463
 0.5663358588413642 0.685954236896789
 0.6016612400078434 0.6870203457753092
 0.5114402199345468 0.6556204823941489
 0.7076696855487636 0.692109502655178
 0.5509667620484764 0.7011822559687202
 0.4151331958421676 0.6874846383031712
 0.5784507127356457 0.6771770822960848
 0.5182066803393518 0.6881167849435033
 0.7076696855487636 0.6705742385710742
 0.7039971139754215 0.6896441066413836
 0.5509667620484764 0.6673923864109976
 0.5145341087660096 0.6860441229455381
 0.5472941904751341 0.6909335025998233
 0.5509667620484764 0.6652865052291863
 0.5626632872680219 0.6688613714773946
 0.4188057674155098 0.680441778584961
 0.7076696855487636 0.7039971139754215
 0.5170977107878746 0.7039971139754215
 0.7076696855487636 0.7039971139754215
 0.5725737298720611 0.7039971139754215
 0.5663358588413642 0.7039971139754215
 0.6053338115811857 0.7039971139754215
 0.5663358588413642 0.7039971139754215
 0.5626632872680219 0.7039971139754215
 0.5689011582987189 0.7039971139754215
 0.7076696855487636 0.7039971139754215
 0.6053338115811857 0.7039971139754215
 0.5725737298720611 0.7039971139754215
 0.5725737298720611 0.7039971139754215
 0.6718157150081765 0.7039971139754215
 0.6053338115811857 0.7039971139754215
 0.6686717328089422 0.7039971139754215
 0.6649991612355999 0.7039971139754215
 0.6016612400078434 0.7039971139754215
 0.519857276403162 0.7039971139754215
 0.5330471877581316 0.7039971139754215
 0.6016612400078434 0.7039971139754215
 0.5330471877581316 0.7039971139754215
 0.6686717328089422 0.7039971139754215
 0.6016612400078434 0.7039971139754215
 0.7076696855487636 0.7039971139754215
 0.6016612400078434 0.7039971139754215
 0.7039971139754215 0.7039971139754215
 0.6053338115811857 0.7039971139754215
 0.6053338115811857 0.7039971139754215



