# Created by Octave 4.0.0, Wed Apr 18 12:03:18 2018 CEST <olethros@olethros-OptiPlex-9010>
# name: PU
# type: matrix
# ndims: 3
 10 3 2
 0.5227294962372538
 0.5181097935723668
 0.5228317506393949
 0.4830842934905809
 0.4642534486759639
 0.4861949522638881
 0.5308721067121441
 0.5344658828743627
 0.4496178769844646
 0.5624174292117207
 0.5504121689603902
 0.5745281478742151
 0.4342262126976241
 0.5344162523732521
 0.4650803931832798
 0.5311092134309517
 0.4885243490733536
 0.4430006836614014
 0.4519349592156877
 0.5565274614213968
 0.472773452670873
 0.4774563251742037
 0.5252639238048317
 0.5210281327959567
 0.5219799355195599
 0.4818008980810614
 0.5225615326456277
 0.4605474503576217
 0.5596133681982932
 0.5229421454425889
 0.552348408279146
 0.4676188017517513
 0.5186417078125044
 0.5103936486418545
 0.5547050897085494
 0.5575082242044106
 0.4286496465436032
 0.5328212330013261
 0.5003614411452271
 0.484379133546457
 0.5822898122699827
 0.496038065386643
 0.5196668369900659
 0.5919699315555306
 0.5496223998279433
 0.4817553226994013
 0.5157245683835306
 0.5568536682175458
 0.5009303775525142
 0.508722869111334
 0.4807219835959943
 0.4873690364368744
 0.4402897096966652
 0.4779562863811248
 0.4733675223126212
 0.5165289053456507
 0.5291897437167208
 0.5404294194611211
 0.4227782855922522
 0.5052496271691809


# name: PF
# type: matrix
# ndims: 3
 10 3 2
 0.2485960324521428
 0.4966331178863622
 0.1726986533856657
 0.2437238809386271
 0.4395122630138526
 0.6547453142888329
 0.3245550209667036
 0.06301852707586383
 0.1154835077259251
 0.2926263483116334
 0.4411808441213614
 0.686458510775561
 0.355289890608303
 0.4793163747210029
 0.3266654067550802
 0.09952301242607803
 0.1638355356069883
 0.0381100882327832
 0.6170213579504482
 0.6102859961621562
 1.087949444267569
 0.4011081387626666
 0.522460773453689
 0.9047547170345855
 0.1187077123874577
 0.3775100241391401
 0.6260260122381175
 0.14423476487741
 0.5916233018345254
 0.5380765081553626
 0.227877896400768
 0.2775914326443244
 0.2064734616289489
 0.2664206620547763
 0.05385043132285856
 0.4216131976807658
 0.3754038690298167
 0.05553351846397775
 0.2157968991792346
 0.1148033599222178
 0.5504642188450541
 0.4965496466994455
 0.1679817380935945
 0.3355800953498458
 0.5743955393478659
 0.1216950023677448
 0.5132745449371482
 0.1100480212060366
 0.2630130795636905
 0.2836805419602966
 0.1477270616116362
 0.1910007891703597
 0.4421254056894242
 0.651582562058551
 0.1980655653148372
 0.1262227045256001
 0.4205089210449231
 0.3311223130538423
 0.08372174054290338
 0.5478629146384231


# name: PV
# type: matrix
# ndims: 3
 10 3 2
 0.5227294962372538
 0.5181097935723668
 0.5228317506393949
 0.4830842934905809
 0.4642534486759639
 0.4861949522638881
 0.5308721067121441
 0.5344658828743627
 0.4496178769844646
 0.5624174292117207
 0.05461566241951443
 -0.05596518145067292
 0.03946816104466055
 0.02754993882612461
 0.06920749321409977
 0.2157931005024369
 0.1623444067331827
 0.2024452977143091
 -0.08254319936738025
 -0.02687926737037971
 -1.087949444267569
 -0.4011081387626666
 -0.522460773453689
 -0.9047547170345855
 -0.1187077123874577
 -0.3775100241391401
 -0.6260260122381175
 -0.14423476487741
 -0.5916233018345254
 -0.5380765081553626
 0.552348408279146
 0.4676188017517513
 0.5186417078125044
 0.5103936486418545
 0.5547050897085494
 0.5575082242044106
 0.4286496465436032
 0.5328212330013261
 0.5003614411452271
 0.484379133546457
 0.01591279671246426
 -0.0002557906564012724
 0.1758425494482357
 0.1281949181028424
 -0.01238656975996133
 0.1800301601658282
 0.001225011723191227
 0.2234028235057546
 0.1189586489944119
 0.1125211635755187
 -0.1477270616116362
 -0.1910007891703597
 -0.4421254056894242
 -0.651582562058551
 -0.1980655653148372
 -0.1262227045256001
 -0.4205089210449231
 -0.3311223130538423
 -0.08372174054290338
 -0.5478629146384231


