# Created by Octave 4.0.0, Wed Apr 18 11:49:56 2018 CEST <olethros@olethros-OptiPlex-9010>
# name: PF
# type: matrix
# ndims: 3
 10 3 2
 0.1157585129530441
 0.2272275030869079
 0.2646868056133879
 0.1712072244135059
 0.3981816018986733
 0.4922601674112962
 1.183403724915545
 0.6888626715027433
 0.4403065913847413
 0.1956781101270866
 0.4372148040447753
 0.289200789096122
 0.2023228681346747
 0.2769608582303485
 0.3302789277000959
 0.9970748610197798
 0.5420879504112324
 0.04194363746983913
 0.1065381075823023
 0.3085526540902697
 0.2504476887414427
 0.3886785973308994
 0.5274297395258828
 0.4157142752026385
 0.2405473570177596
 0.490733139000764
 0.08916643808491498
 0.3805063637438815
 0.02291155658916227
 0.1395212433724656
 0.4117928597003351
 1.161871590146208
 0.4313823364859243
 0.114039026487799
 0.5237566828132056
 0.3155580767874216
 0.4817559349937205
 0.3688299107450813
 0.1080719794999535
 0.7131175808144004
 0.3212004655850692
 0.4226666534263204
 0.4818890185505514
 0.2433671791625595
 0.1127482140435841
 0.1664722407313303
 0.4968619526440349
 0.3260239352531727
 0.5317652989914046
 0.06321215345398763
 0.2466683246977683
 0.4692733892358895
 0.3676118941903856
 0.1796161200891705
 0.1649035529847407
 0.5652031519870639
 0.2284819673246186
 0.2939212594736237
 0.2798559854813175
 0.3042398285030742


# name: PV
# type: matrix
# ndims: 3
 10 3 2
 0.5118441771190749
 0.4857566843676485
 0.5281563741085699
 0.4830950446068262
 0.4949340439838797
 0.4622855313783903
 0.4708004364783768
 0.553623869951412
 0.489846195903737
 0.5032229652857053
 0.04144883748950068
 0.09388831462807046
 0.1455211063354341
 0.1174296954203234
 0.09403163954161434
 -0.2638202542032627
 -0.05886535264584009
 0.2053325858541043
 0.1970245436073096
 0.1016501164686867
 -0.2504476887414427
 -0.3886785973308994
 -0.5274297395258828
 -0.4157142752026385
 -0.2405473570177596
 -0.490733139000764
 -0.08916643808491498
 -0.3805063637438815
 -0.02291155658916227
 -0.1395212433724656
 0.5079150270571621
 0.5476689982965601
 0.5128425508343804
 0.5093019428842253
 0.5424817405905938
 0.5153510972909009
 0.5368437752298437
 0.4663015757722375
 0.5416402930485932
 0.5249305366985314
 0.09097259621871506
 0.04164643532912982
 0.02903994823186529
 0.1223634388959099
 0.1891831350571097
 0.1834099412347298
 0.01985611505897045
 0.06854670734107085
 -0.001061917983979366
 0.2318846719281319
 -0.2466683246977683
 -0.4692733892358895
 -0.3676118941903856
 -0.1796161200891705
 -0.1649035529847407
 -0.5652031519870639
 -0.2284819673246186
 -0.2939212594736237
 -0.2798559854813175
 -0.3042398285030742


