# Created by Octave 4.0.0, Wed May 09 11:36:35 2018 CEST <olethros@olethros-OptiPlex-9010>
# name: results
# type: struct
# ndims: 2
 1 5
# length: 8
# name: options
# type: cell
# rows: 1
# columns: 5
# name: <cell-element>
# type: scalar struct
# ndims: 2
 1 1
# length: 8
# name: A
# type: scalar
2


# name: X
# type: scalar
8


# name: Y
# type: scalar
2


# name: Z
# type: scalar
2


# name: lambda
# type: scalar
0


# name: n_iter
# type: scalar
100


# name: horizon
# type: scalar
100


# name: n_samples
# type: scalar
1





# name: <cell-element>
# type: scalar struct
# ndims: 2
 1 1
# length: 8
# name: A
# type: scalar
2


# name: X
# type: scalar
8


# name: Y
# type: scalar
2


# name: Z
# type: scalar
2


# name: lambda
# type: scalar
0.25


# name: n_iter
# type: scalar
100


# name: horizon
# type: scalar
100


# name: n_samples
# type: scalar
1





# name: <cell-element>
# type: scalar struct
# ndims: 2
 1 1
# length: 8
# name: A
# type: scalar
2


# name: X
# type: scalar
8


# name: Y
# type: scalar
2


# name: Z
# type: scalar
2


# name: lambda
# type: scalar
0.5


# name: n_iter
# type: scalar
100


# name: horizon
# type: scalar
100


# name: n_samples
# type: scalar
1





# name: <cell-element>
# type: scalar struct
# ndims: 2
 1 1
# length: 8
# name: A
# type: scalar
2


# name: X
# type: scalar
8


# name: Y
# type: scalar
2


# name: Z
# type: scalar
2


# name: lambda
# type: scalar
0.75


# name: n_iter
# type: scalar
100


# name: horizon
# type: scalar
100


# name: n_samples
# type: scalar
1





# name: <cell-element>
# type: scalar struct
# ndims: 2
 1 1
# length: 8
# name: A
# type: scalar
2


# name: X
# type: scalar
8


# name: Y
# type: scalar
2


# name: Z
# type: scalar
2


# name: lambda
# type: scalar
1


# name: n_iter
# type: scalar
100


# name: horizon
# type: scalar
100


# name: n_samples
# type: scalar
1







# name: PU
# type: cell
# rows: 1
# columns: 5
# name: <cell-element>
# type: matrix
# rows: 100
# columns: 2
 0.5751373612694676 0.4324847955972064
 0.5606139251314464 0.4722718902691462
 0.5285293010805213 0.5999650297885083
 0.4906782298711321 0.5114118732331622
 0.5587093898895945 0.585358104742302
 0.6586341182666287 0.648406449080783
 0.5093583167326359 0.5375703309263229
 0.5788652884414792 0.5328200666274574
 0.4988895077395987 0.5793474327588622
 0.5247557013687639 0.5022875544622092
 0.5610628466185901 0.6031508814399205
 0.4160136661301544 0.6588475073465486
 0.650180235330848 0.6524092577257563
 0.6716205452678771 0.6542649486057219
 0.5242747298458044 0.6609033848601531
 0.6685303492677872 0.6542388481834976
 0.650444070653746 0.6486860280586445
 0.5228125120433815 0.6457674673545198
 0.6811764923746308 0.6640523868788426
 0.6357298614445759 0.6581903280126389
 0.5014623375684722 0.6488711211407137
 0.5311659704833231 0.6559254896031191
 0.5228323189856824 0.6567672377299215
 0.5077346151288868 0.6558606732639359
 0.5448790720925794 0.6630082704229094
 0.4969940206669785 0.6553460671048048
 0.6514359542813528 0.6646571249468765
 0.5733663897918329 0.6693246962950594
 0.5113126650930773 0.6628812108818517
 0.6702095245382148 0.6570414446357093
 0.6898272539049802 0.6468043745911826
 0.6680697582328629 0.6729732520669829
 0.6469820941615017 0.6725037307619353
 0.668487699805179 0.668312382319233
 0.6560554102451891 0.6670990791882719
 0.5921899949592238 0.6749976450107761
 0.4910137084022811 0.6755278824815236
 0.6758417201946848 0.6860634071082136
 0.5288646310303593 0.6772852192403591
 0.6653727182515436 0.6838238602366931
 0.6921262097398212 0.6906805110706393
 0.5357641429258533 0.6770252648652717
 0.4461854809001153 0.6837853610107371
 0.6752414432595519 0.681819296084313
 0.6758204581555401 0.6936455390725329
 0.6838551277282169 0.6888771466922794
 0.644240472343464 0.6528183730154004
 0.697906835105749 0.6812975841525386
 0.5686762991924261 0.6876838462455882
 0.7006608185737202 0.6816129653027253
 0.6220525231356092 0.6798613185145301
 0.6765740515408294 0.6799893261988158
 0.6614655372005673 0.6872031290285947
 0.6804343068042067 0.6958370838361586
 0.6533357794419451 0.6870200308243202
 0.6983298080501031 0.67793898631668
 0.6666902084981897 0.6864646155956999
 0.704311894136563 0.6875609752681864
 0.6722238075783131 0.6909903250344226
 0.6864162219259407 0.6904632823792582
 0.6889106953226429 0.6803034632041538
 0.6986381172168462 0.6954216811835542
 0.6169364903847181 0.6900763942310987
 0.6862906537117022 0.6996495725448924
 0.6983298080501031 0.6923771413284631
 0.6794781869417404 0.6881604039524976
 0.6733487795060824 0.6945683030448723
 0.6803107621511606 0.6928293925046365
 0.6866158217455524 0.6854907909191195
 0.704311894136563 0.6800623793756859
 0.704311894136563 0.694034790865553
 0.6288620515151927 0.6921981754479811
 0.6985135673396494 0.6925512859471833
 0.6632578673094127 0.6862421623283993
 0.6981570426475221 0.6839600569817369
 0.6408786274411629 0.70081528601849
 0.704311894136563 0.6911725414786335
 0.6921262097398212 0.6894406991667654
 0.704311894136563 0.6851473221953777
 0.6788979669098323 0.6939312182634026
 0.6940629588891393 0.6874109425405762
 0.6682416043288665 0.683504707644271
 0.6932392577723236 0.6920969758369729
 0.6921262097398212 0.6833761571615227
 0.5354652295905908 0.6831134632016235
 0.6921262097398212 0.6905112953473795
 0.6905136421784379 0.6889311504036298
 0.6673653667140701 0.6826751074515934
 0.6996608098377082 0.6892321863825627
 0.689595049477134 0.687513075591294
 0.6861441236533613 0.6860653011382422
 0.6866063736980255 0.6868235250760565
 0.6993096925849143 0.6887530743465163
 0.6738973211624534 0.6761853336141985
 0.6873192318308546 0.6942829694811459
 0.5964376392773839 0.7002282487257486
 0.6913349717162772 0.6988156221521574
 0.7030852975277614 0.6985135673396494
 0.704311894136563 0.6985135673396494
 0.7005081892449591 0.6985135673396494



