# Created by Octave 4.0.0, Wed May 09 11:36:48 2018 CEST <olethros@olethros-OptiPlex-9010>
# name: results
# type: struct
# ndims: 2
 1 5
# length: 8
# name: options
# type: cell
# rows: 1
# columns: 5
# name: <cell-element>
# type: scalar struct
# ndims: 2
 1 1
# length: 8
# name: A
# type: scalar
2


# name: X
# type: scalar
8


# name: Y
# type: scalar
2


# name: Z
# type: scalar
2


# name: lambda
# type: scalar
0


# name: n_iter
# type: scalar
100


# name: horizon
# type: scalar
100


# name: n_samples
# type: scalar
1





# name: <cell-element>
# type: scalar struct
# ndims: 2
 1 1
# length: 8
# name: A
# type: scalar
2


# name: X
# type: scalar
8


# name: Y
# type: scalar
2


# name: Z
# type: scalar
2


# name: lambda
# type: scalar
0.25


# name: n_iter
# type: scalar
100


# name: horizon
# type: scalar
100


# name: n_samples
# type: scalar
1





# name: <cell-element>
# type: scalar struct
# ndims: 2
 1 1
# length: 8
# name: A
# type: scalar
2


# name: X
# type: scalar
8


# name: Y
# type: scalar
2


# name: Z
# type: scalar
2


# name: lambda
# type: scalar
0.5


# name: n_iter
# type: scalar
100


# name: horizon
# type: scalar
100


# name: n_samples
# type: scalar
1





# name: <cell-element>
# type: scalar struct
# ndims: 2
 1 1
# length: 8
# name: A
# type: scalar
2


# name: X
# type: scalar
8


# name: Y
# type: scalar
2


# name: Z
# type: scalar
2


# name: lambda
# type: scalar
0.75


# name: n_iter
# type: scalar
100


# name: horizon
# type: scalar
100


# name: n_samples
# type: scalar
1





# name: <cell-element>
# type: scalar struct
# ndims: 2
 1 1
# length: 8
# name: A
# type: scalar
2


# name: X
# type: scalar
8


# name: Y
# type: scalar
2


# name: Z
# type: scalar
2


# name: lambda
# type: scalar
1


# name: n_iter
# type: scalar
100


# name: horizon
# type: scalar
100


# name: n_samples
# type: scalar
1







# name: PU
# type: cell
# rows: 1
# columns: 5
# name: <cell-element>
# type: matrix
# rows: 100
# columns: 2
 0.5306527451269358 0.4497001428731675
 0.4861190140041736 0.4515669324954927
 0.5739700049192271 0.5376378880310533
 0.6376091847793077 0.5270015709785936
 0.434623305367915 0.4614361917484603
 0.4728584869581046 0.4899035997633291
 0.6340970240763676 0.5658651581842498
 0.594412297590964 0.598595873413598
 0.5493261147920656 0.6284566568971517
 0.6329802924100681 0.6067777524110286
 0.5042005023779343 0.6312199795342303
 0.656406422532258 0.6398302510019496
 0.4478611654891022 0.638313892630199
 0.6054179109626571 0.6317284329853119
 0.5801460503245045 0.6165364225910075
 0.6011205269175258 0.6493441007488047
 0.4187343848973926 0.6454336007361883
 0.4638461158250587 0.6374969361464662
 0.513454263308482 0.6442979976562594
 0.6517767632007515 0.6359444939716816
 0.4699158135348604 0.6415653573403612
 0.5351114921251524 0.6082794386570191
 0.5987933963313736 0.620767652569249
 0.4689055958975222 0.6251490511257711
 0.4792110676870295 0.6604286963037013
 0.6445387689729238 0.6363621939346598
 0.5112813142094216 0.6376834016199318
 0.6150232977568622 0.6209268090174589
 0.5103011735502254 0.6454954885380059
 0.4276241573420037 0.6531931913248336
 0.5440712679185171 0.6612304444529448
 0.5067367741770041 0.6358360530793312
 0.4741812394024606 0.6327749808250209
 0.505464791079918 0.6208529711595541
 0.5327406581155875 0.610244169512193
 0.5113913895054747 0.6335400918718437
 0.5564366305628916 0.6614417793196431
 0.5842611802680564 0.6597825139590375
 0.4763526211812661 0.6607579419921512
 0.5594129448830455 0.6604649895983518
 0.6638753253284393 0.6575663139064696
 0.5687032550004564 0.6608079291122171
 0.6600025198158244 0.6627911590789076
 0.4481396365209064 0.6615733558138732
 0.5160877231896184 0.6580991266720922
 0.5920061575735448 0.6593496781616273
 0.6386088226806678 0.6586587028528588
 0.5379083666778921 0.6618398156102803
 0.5981442416759983 0.6608932637017633
 0.4458753391021519 0.6567528923325928
 0.5037662163594649 0.6607376293795432
 0.6603471831652297 0.6572528589428109
 0.5915320137237836 0.6603848795654
 0.5856276399483064 0.6589535460644772
 0.6650047534777279 0.6589526512787717
 0.5850281783287121 0.6606386140960826
 0.4507204831287832 0.6601155370788823
 0.5618417155703744 0.662975442797639
 0.6159492079656587 0.662975442797639
 0.6583178724851406 0.662975442797639
 0.6372870049901674 0.6555680293980474
 0.5483535916592007 0.6623971457522312
 0.5388025613785852 0.662975442797639
 0.5304496704447705 0.662975442797639
 0.5931628987909254 0.6599510866494542
 0.6549760193623951 0.662975442797639
 0.6225153239451477 0.662975442797639
 0.6093947984456833 0.6570126524554982
 0.6069904985977386 0.6469136768705925
 0.6476151854134525 0.6533537707133693
 0.4488333559895309 0.6515040233637314
 0.6330037302964542 0.6459479142968222
 0.4189487091543141 0.6519994649451943
 0.6603471831652297 0.6527140568786316
 0.5221521871735159 0.6488059586752835
 0.5850281783287121 0.6549487922955491
 0.6585615292150387 0.640833286334505
 0.6093947984456833 0.6522209540072892
 0.6464189484510594 0.6611293670696102
 0.6474069262300203 0.6517716712194954
 0.6354187596290263 0.6515051310599818
 0.5726054294032942 0.6503119196331326
 0.6539609563439105 0.6513845186692555
 0.4755638625382736 0.6507982489915007
 0.4917484107486451 0.662975442797639
 0.6359805630482585 0.662975442797639
 0.6572591456546211 0.662975442797639
 0.5917150593212994 0.6585758217125682
 0.4970793353668777 0.662975442797639
 0.5939219705589627 0.662975442797639
 0.6412327321059531 0.6620156756660964
 0.4501920440693876 0.6627483109749657
 0.5578499368356949 0.6628363625529595
 0.5000095991974299 0.6557643754999206
 0.5961236956502904 0.6558504844416255
 0.504884330033151 0.662975442797639
 0.5158828140672539 0.662975442797639
 0.5046741497185553 0.662975442797639
 0.5340885353682558 0.6599273607792151
 0.6486394264192796 0.6618590005183094



