# Created by Octave 4.0.0, Wed May 09 11:38:16 2018 CEST <olethros@olethros-OptiPlex-9010>
# name: results
# type: struct
# ndims: 2
 1 5
# length: 8
# name: options
# type: cell
# rows: 1
# columns: 5
# name: <cell-element>
# type: scalar struct
# ndims: 2
 1 1
# length: 8
# name: A
# type: scalar
2


# name: X
# type: scalar
8


# name: Y
# type: scalar
2


# name: Z
# type: scalar
2


# name: lambda
# type: scalar
0


# name: n_iter
# type: scalar
100


# name: horizon
# type: scalar
100


# name: n_samples
# type: scalar
1





# name: <cell-element>
# type: scalar struct
# ndims: 2
 1 1
# length: 8
# name: A
# type: scalar
2


# name: X
# type: scalar
8


# name: Y
# type: scalar
2


# name: Z
# type: scalar
2


# name: lambda
# type: scalar
0.25


# name: n_iter
# type: scalar
100


# name: horizon
# type: scalar
100


# name: n_samples
# type: scalar
1





# name: <cell-element>
# type: scalar struct
# ndims: 2
 1 1
# length: 8
# name: A
# type: scalar
2


# name: X
# type: scalar
8


# name: Y
# type: scalar
2


# name: Z
# type: scalar
2


# name: lambda
# type: scalar
0.5


# name: n_iter
# type: scalar
100


# name: horizon
# type: scalar
100


# name: n_samples
# type: scalar
1





# name: <cell-element>
# type: scalar struct
# ndims: 2
 1 1
# length: 8
# name: A
# type: scalar
2


# name: X
# type: scalar
8


# name: Y
# type: scalar
2


# name: Z
# type: scalar
2


# name: lambda
# type: scalar
0.75


# name: n_iter
# type: scalar
100


# name: horizon
# type: scalar
100


# name: n_samples
# type: scalar
1





# name: <cell-element>
# type: scalar struct
# ndims: 2
 1 1
# length: 8
# name: A
# type: scalar
2


# name: X
# type: scalar
8


# name: Y
# type: scalar
2


# name: Z
# type: scalar
2


# name: lambda
# type: scalar
1


# name: n_iter
# type: scalar
100


# name: horizon
# type: scalar
100


# name: n_samples
# type: scalar
1







# name: PU
# type: cell
# rows: 1
# columns: 5
# name: <cell-element>
# type: matrix
# rows: 100
# columns: 2
 0.4866807411288497 0.5111669547588549
 0.5809447480823539 0.5111669547588549
 0.5483222757917502 0.5216248961989531
 0.5480091870134558 0.4853935880438877
 0.5607721417176709 0.5141606658032163
 0.4968674920520315 0.5784243399576759
 0.4922763306500717 0.4415535803601105
 0.6033765806612518 0.4415535803601105
 0.4787119123623851 0.4314521557228042
 0.4114555594792746 0.545915238701477
 0.4411733750138055 0.5793540701554922
 0.4850038919224033 0.5093636018796374
 0.5917449199299829 0.5100436114356413
 0.5878945851815657 0.5733584766646702
 0.4595985033151928 0.5350056224139011
 0.5211129770167208 0.5588381847190897
 0.5402839273324078 0.5614934873523223
 0.5677873995794617 0.5703503918367342
 0.5752128007467936 0.5694130210631841
 0.5269534686335887 0.5804810009404678
 0.5355431813424156 0.5549058420708493
 0.5716187059600192 0.5635858085002133
 0.5233553800512879 0.5853730743235042
 0.581720101561542 0.5973492872328567
 0.572543856877464 0.5741811298318801
 0.5487566686855786 0.5878872500398776
 0.6104651300023942 0.5974306310297224
 0.4294421341058791 0.5841213308994175
 0.5584065266609839 0.6027404970064527
 0.4312666533620683 0.579764950688477
 0.5645749835390317 0.6063886677130194
 0.6152493364485784 0.5899868165185645
 0.5756883324398043 0.5835118672760101
 0.5599473393774193 0.6167901041846221
 0.583579658350837 0.6044315168217659
 0.5782396795643662 0.5906912434054178
 0.613952188062095 0.6080531678972375
 0.5543054679995454 0.5970428120489767
 0.6041551903851079 0.5797077231475601
 0.6028134268840647 0.5913706460101619
 0.3912176894851283 0.5995062239513653
 0.589038282521539 0.588173038378469
 0.4717965048377336 0.6030455824401992
 0.5245525666809765 0.6110775299684015
 0.589364951561927 0.6190557606192711
 0.5350806971426154 0.6223780810412016
 0.5845804241651491 0.5986691083976462
 0.5652939555947666 0.5911615946098854
 0.5262022080494942 0.5999593750206854
 0.6003895038659516 0.5897377942897356
 0.5791519483531524 0.5819527649034789
 0.5948074188391053 0.60566031031471
 0.5945025202153511 0.5992030778662444
 0.5951129638536276 0.5952550492344875
 0.5400270755685626 0.5942915594966706
 0.5875857817410169 0.5977911881452507
 0.6537144187704745 0.5981292897062462
 0.6238826423492491 0.5893047855862231
 0.4610940403727958 0.5873708433689766
 0.5963282224340938 0.6068771397577626
 0.5787522648801312 0.6200304435934498
 0.5321883638481161 0.6034164194144884
 0.6167501260929527 0.6104026541789189
 0.6431800129519474 0.5966450629450439
 0.630669098837229 0.5928705951330796
 0.6122109204986917 0.5814542747317719
 0.5163330278865194 0.5851722641827209
 0.5803546001540085 0.5941918236234732
 0.5652939555947666 0.575661134758197
 0.6496763532731936 0.5832094188809519
 0.5377015943446691 0.5916304246136267
 0.5506257810172218 0.5741665675185053
 0.5927817621348352 0.5806330449217705
 0.5756932553513431 0.5878957078168034
 0.5882213883747471 0.5804948971816309
 0.6202728202673857 0.5841887031322798
 0.5929457930312071 0.5934658945502026
 0.5332290955606355 0.5691924282657018
 0.6158810074055232 0.5887892685281476
 0.6174396121497266 0.5780970043676655
 0.5695312799535194 0.5832342118082529
 0.5700301353399644 0.5887785878123131
 0.621219301366526 0.5919953779010062
 0.61578967059329 0.579924550523381
 0.5963558382795419 0.5660064975996114
 0.5715458033361597 0.5758999875906464
 0.5964686264404977 0.5869973335914209
 0.5148115206707573 0.5694089185596415
 0.6050791038975329 0.5867637018045064
 0.6243714493682808 0.5867937159576846
 0.5817535799839262 0.5832063796706008
 0.6188653104823224 0.5744955830664654
 0.6285409853796845 0.5748409556396834
 0.6005880742474184 0.5709944080057333
 0.5852757131557592 0.5829268810152302
 0.5826440351320124 0.5790089113743712
 0.5660351759948744 0.6012855302958846
 0.6174396121497266 0.5845748869556053
 0.6351875662676109 0.5959879398423283
 0.5989369938819357 0.5942868004712241



