# Created by Octave 4.0.0, Wed May 09 11:37:13 2018 CEST <olethros@olethros-OptiPlex-9010>
# name: results
# type: struct
# ndims: 2
 1 5
# length: 8
# name: options
# type: cell
# rows: 1
# columns: 5
# name: <cell-element>
# type: scalar struct
# ndims: 2
 1 1
# length: 8
# name: A
# type: scalar
2


# name: X
# type: scalar
8


# name: Y
# type: scalar
2


# name: Z
# type: scalar
2


# name: lambda
# type: scalar
0


# name: n_iter
# type: scalar
100


# name: horizon
# type: scalar
100


# name: n_samples
# type: scalar
1





# name: <cell-element>
# type: scalar struct
# ndims: 2
 1 1
# length: 8
# name: A
# type: scalar
2


# name: X
# type: scalar
8


# name: Y
# type: scalar
2


# name: Z
# type: scalar
2


# name: lambda
# type: scalar
0.25


# name: n_iter
# type: scalar
100


# name: horizon
# type: scalar
100


# name: n_samples
# type: scalar
1





# name: <cell-element>
# type: scalar struct
# ndims: 2
 1 1
# length: 8
# name: A
# type: scalar
2


# name: X
# type: scalar
8


# name: Y
# type: scalar
2


# name: Z
# type: scalar
2


# name: lambda
# type: scalar
0.5


# name: n_iter
# type: scalar
100


# name: horizon
# type: scalar
100


# name: n_samples
# type: scalar
1





# name: <cell-element>
# type: scalar struct
# ndims: 2
 1 1
# length: 8
# name: A
# type: scalar
2


# name: X
# type: scalar
8


# name: Y
# type: scalar
2


# name: Z
# type: scalar
2


# name: lambda
# type: scalar
0.75


# name: n_iter
# type: scalar
100


# name: horizon
# type: scalar
100


# name: n_samples
# type: scalar
1





# name: <cell-element>
# type: scalar struct
# ndims: 2
 1 1
# length: 8
# name: A
# type: scalar
2


# name: X
# type: scalar
8


# name: Y
# type: scalar
2


# name: Z
# type: scalar
2


# name: lambda
# type: scalar
1


# name: n_iter
# type: scalar
100


# name: horizon
# type: scalar
100


# name: n_samples
# type: scalar
1







# name: PU
# type: cell
# rows: 1
# columns: 5
# name: <cell-element>
# type: matrix
# rows: 100
# columns: 2
 0.3346995549365787 0.5681699885875812
 0.5796156852918879 0.5912595641736349
 0.6605462656390061 0.5137695969633701
 0.4545964483804684 0.5209253335378513
 0.5266129730824853 0.5456992291807672
 0.6374276865436307 0.5549830099996782
 0.5257652020944702 0.587382237956058
 0.5775569423024113 0.6374982622086557
 0.4414122772777467 0.5684940490325341
 0.6044537861116421 0.569329029023028
 0.4438515416477216 0.6020824882236741
 0.5662414089174405 0.6689288805278936
 0.6571229896269942 0.6341008948929288
 0.4697534182252617 0.6108665963858425
 0.4552879391278862 0.6142066435004206
 0.4144977303391332 0.55035778098928
 0.5633118556638347 0.5245677727931709
 0.6278523839320559 0.6471615878107809
 0.6363164093627232 0.6877462516795
 0.4610306994922859 0.6062040010181214
 0.5004249216988793 0.5502086787254142
 0.71483089992172 0.5416174021815118
 0.561671948400995 0.5878664926504488
 0.5183770065339769 0.6320554541829418
 0.5639273859905811 0.581761610682889
 0.6093645412214302 0.6120774278414771
 0.5580713828710938 0.6610119087803096
 0.5810779827218807 0.5828737594328679
 0.4983119868202993 0.573645792416637
 0.5950103827799426 0.669802675306539
 0.6709786625651023 0.5697168001614764
 0.4900625648446008 0.6366361372171168
 0.6121674809229963 0.5667102133821296
 0.5067999735659131 0.6296900693821202
 0.4918696780798811 0.6377988016535624
 0.6234589545021617 0.5932078446379566
 0.5267478983177328 0.5420139433508264
 0.6408239202625173 0.6790513288234016
 0.6106085753479205 0.6858362586277608
 0.5650183534266415 0.6187364367495151
 0.6514068912338086 0.604877079711331
 0.4610306994922859 0.6254531028766775
 0.5601803668002109 0.6370195390292411
 0.5206439969954458 0.6009059921383149
 0.5690984869984022 0.5882431084671579
 0.5271994141798196 0.6577995651134873
 0.5926632023034725 0.529042321802076
 0.6178666182693686 0.6025023425285017
 0.5378514150774354 0.5670469611449116
 0.5516965689329093 0.6179553806340152
 0.6193678379463484 0.688794393754561
 0.5580965341929897 0.5386799938490358
 0.6283675308884702 0.5977294065173792
 0.5872797759539083 0.6805581148827936
 0.5562171206811907 0.6209028961286366
 0.5404405174811441 0.5997821186023106
 0.6143669308966299 0.5474513241781379
 0.5171136798055103 0.6212434907599398
 0.6750187088400662 0.6350675360417487
 0.6319713973884069 0.6337162329972886
 0.604903319276037 0.5978853550923963
 0.4694947249229532 0.6068690158025206
 0.5799172036020077 0.6102442642633613
 0.5731582035663564 0.5921010237875329
 0.6662946200813439 0.6150980151430285
 0.6301524693503814 0.5609178926611528
 0.6348679527320509 0.5648961207772286
 0.5665057936705596 0.608700516275093
 0.6557474807190575 0.6561000149271058
 0.5453940935178875 0.6067244650836785
 0.5990545693846052 0.5789977624711401
 0.5698822226611694 0.5489759119170554
 0.627012529009879 0.5950645966234837
 0.6829579391798978 0.6968507728238754
 0.5696456766659892 0.6215590669055931
 0.6153461688577938 0.6425800885292173
 0.4610306994922859 0.6000183561364877
 0.5944022454305246 0.691227315359415
 0.606792264296027 0.5895857686887352
 0.4610306994922859 0.6692753635589058
 0.5406504686527123 0.5855751823353893
 0.6837358224769526 0.6434355160896217
 0.615571938036832 0.5800337081858329
 0.5452741894541339 0.5337804751675539
 0.6025579470565122 0.6840953220860616
 0.5240447569643309 0.6681598825514335
 0.5164015745586852 0.589984171034393
 0.4832088664679746 0.6234664572983944
 0.424020888224616 0.5499912780078094
 0.6024519028400751 0.6564812684203961
 0.682722093525112 0.5970666098734908
 0.5623802276982216 0.5538840034693228
 0.4948655025858417 0.6915684937956031
 0.6505966292524027 0.5737505777316819
 0.5155148403291845 0.6868042068691677
 0.7043926957721848 0.6174800265213286
 0.5137754220578727 0.5975509355272995
 0.497818827985648 0.6003487966940589
 0.579742798560075 0.5275215754202212
 0.5888299815853523 0.6357043233116513



