# Created by Octave 4.0.0, Wed May 09 11:37:25 2018 CEST <olethros@olethros-OptiPlex-9010>
# name: results
# type: struct
# ndims: 2
 1 5
# length: 8
# name: options
# type: cell
# rows: 1
# columns: 5
# name: <cell-element>
# type: scalar struct
# ndims: 2
 1 1
# length: 8
# name: A
# type: scalar
2


# name: X
# type: scalar
8


# name: Y
# type: scalar
2


# name: Z
# type: scalar
2


# name: lambda
# type: scalar
0


# name: n_iter
# type: scalar
100


# name: horizon
# type: scalar
100


# name: n_samples
# type: scalar
1





# name: <cell-element>
# type: scalar struct
# ndims: 2
 1 1
# length: 8
# name: A
# type: scalar
2


# name: X
# type: scalar
8


# name: Y
# type: scalar
2


# name: Z
# type: scalar
2


# name: lambda
# type: scalar
0.25


# name: n_iter
# type: scalar
100


# name: horizon
# type: scalar
100


# name: n_samples
# type: scalar
1





# name: <cell-element>
# type: scalar struct
# ndims: 2
 1 1
# length: 8
# name: A
# type: scalar
2


# name: X
# type: scalar
8


# name: Y
# type: scalar
2


# name: Z
# type: scalar
2


# name: lambda
# type: scalar
0.5


# name: n_iter
# type: scalar
100


# name: horizon
# type: scalar
100


# name: n_samples
# type: scalar
1





# name: <cell-element>
# type: scalar struct
# ndims: 2
 1 1
# length: 8
# name: A
# type: scalar
2


# name: X
# type: scalar
8


# name: Y
# type: scalar
2


# name: Z
# type: scalar
2


# name: lambda
# type: scalar
0.75


# name: n_iter
# type: scalar
100


# name: horizon
# type: scalar
100


# name: n_samples
# type: scalar
1





# name: <cell-element>
# type: scalar struct
# ndims: 2
 1 1
# length: 8
# name: A
# type: scalar
2


# name: X
# type: scalar
8


# name: Y
# type: scalar
2


# name: Z
# type: scalar
2


# name: lambda
# type: scalar
1


# name: n_iter
# type: scalar
100


# name: horizon
# type: scalar
100


# name: n_samples
# type: scalar
1







# name: PU
# type: cell
# rows: 1
# columns: 5
# name: <cell-element>
# type: matrix
# rows: 100
# columns: 2
 0.414221808585396 0.5202384198091388
 0.5958340157439532 0.5202384198091388
 0.5885799104561975 0.5202384198091388
 0.5374638607127982 0.5027895796279186
 0.5052139703657987 0.4423826354792936
 0.6223379345366532 0.5360329128901995
 0.6107601744201117 0.5165547692554819
 0.5174409178826441 0.5544894625224384
 0.4921655469512337 0.542443796642883
 0.4441954928973696 0.5717470565255419
 0.5229752227239357 0.556639452269361
 0.5808502811876732 0.6023975014007795
 0.547991475480206 0.5471043137020661
 0.6521388785390729 0.5957330754483328
 0.6246809937204856 0.5833233326173399
 0.5157156056263981 0.6324410536169693
 0.5312532477036598 0.5815300666752758
 0.6276613804517903 0.5689712489856985
 0.6327089818986369 0.5522053288497991
 0.5961827883525843 0.5535874328255059
 0.5382926027186029 0.5480616714511327
 0.626198654162134 0.5543290212684983
 0.615122505857278 0.5972253622264818
 0.5227718850212539 0.5744377132533085
 0.5336323827531427 0.5629003088364473
 0.5227718850212539 0.584027920310954
 0.6288170839581844 0.5692176081554906
 0.5573473099132638 0.5916756740556397
 0.5292517783728146 0.5469529347030142
 0.6327089818986369 0.5882069236515846
 0.6168988872289567 0.5450539511160036
 0.5347613039806765 0.5730693233314523
 0.5505483628346233 0.6103003978047461
 0.5000496379315489 0.5697857826059405
 0.6032726153462888 0.6327089818986369
 0.6603077074070718 0.6327089818986369
 0.5683579407119159 0.6327089818986369
 0.6063469307530642 0.6327089818986369
 0.5923231293285467 0.6327089818986369
 0.6507093131282891 0.6327089818986369
 0.6214477134776211 0.6327089818986369
 0.6603077074070718 0.63100829368176
 0.6159956100476363 0.6327089818986369
 0.6587431935650991 0.6327089818986369
 0.574535806399485 0.6327089818986369
 0.6500137246122408 0.6327089818986369
 0.6572912374749222 0.6327089818986369
 0.6502089461960636 0.6327089818986369
 0.5421358547360186 0.6327089818986369
 0.5268726433233316 0.6327089818986369
 0.6485314576292989 0.6327089818986369
 0.630283012671101 0.6327089818986369
 0.6192119043121971 0.6327089818986369
 0.5365162663468097 0.6327089818986369
 0.658371758522226 0.6327089818986369
 0.6091030341715178 0.6327089818986369
 0.5682704632765208 0.6327089818986369
 0.6100280357047645 0.6286539471953845
 0.5822694812798952 0.6327089818986369
 0.6327089818986369 0.6327089818986369
 0.6104285247714769 0.6229148481415245
 0.651469399550753 0.6234772472024155
 0.5509365605456286 0.6271329228025755
 0.5824237778668988 0.6269262734122676
 0.6600979047371238 0.624921647876939
 0.620556180076268 0.6272152411832035
 0.6142253669784207 0.6225449629763498
 0.5729768723539987 0.6227420767347362
 0.5908483596213849 0.628455003427702
 0.5999382776112248 0.6312368304334426
 0.6412087292540788 0.6237405011988165
 0.6181605924537259 0.6282639631193614
 0.5298112400361972 0.6239341508631411
 0.5633219408783765 0.6188194722227789
 0.6135808737571937 0.6240044794660722
 0.6470680746257 0.6289727497462474
 0.5489097110984802 0.6253211195677468
 0.655576713704819 0.6281645392342232
 0.5530663589076907 0.6283331638937901
 0.5507095022998155 0.629856663251031
 0.553480541671189 0.6279201410006447
 0.640195323571576 0.6299547049655403
 0.5574099655446321 0.6271292646633642
 0.5569302444482587 0.6256610547596329
 0.6322511023551106 0.6268239210485367
 0.5256218820906242 0.626720821691334
 0.5560703595103075 0.6289019513984371
 0.6002351235584882 0.6242993321804484
 0.5081894921888869 0.6273762010277786
 0.5574099655446321 0.6265759812175324
 0.64716954961871 0.6240633135302238
 0.5934903933928751 0.6238427864106508
 0.5469753241588301 0.629638834790025
 0.6480068108984329 0.6248646612623399
 0.6513815678255523 0.6282251972252523
 0.6599263163249638 0.6276523836249175
 0.6494472096751831 0.6247015268952056
 0.6101183037430836 0.6226107184914766
 0.57340468830131 0.622601573431885
 0.6070961817582039 0.6252463707340754



