# Created by Octave 4.0.0, Wed May 09 11:37:38 2018 CEST <olethros@olethros-OptiPlex-9010>
# name: results
# type: struct
# ndims: 2
 1 5
# length: 8
# name: options
# type: cell
# rows: 1
# columns: 5
# name: <cell-element>
# type: scalar struct
# ndims: 2
 1 1
# length: 8
# name: A
# type: scalar
2


# name: X
# type: scalar
8


# name: Y
# type: scalar
2


# name: Z
# type: scalar
2


# name: lambda
# type: scalar
0


# name: n_iter
# type: scalar
100


# name: horizon
# type: scalar
100


# name: n_samples
# type: scalar
1





# name: <cell-element>
# type: scalar struct
# ndims: 2
 1 1
# length: 8
# name: A
# type: scalar
2


# name: X
# type: scalar
8


# name: Y
# type: scalar
2


# name: Z
# type: scalar
2


# name: lambda
# type: scalar
0.25


# name: n_iter
# type: scalar
100


# name: horizon
# type: scalar
100


# name: n_samples
# type: scalar
1





# name: <cell-element>
# type: scalar struct
# ndims: 2
 1 1
# length: 8
# name: A
# type: scalar
2


# name: X
# type: scalar
8


# name: Y
# type: scalar
2


# name: Z
# type: scalar
2


# name: lambda
# type: scalar
0.5


# name: n_iter
# type: scalar
100


# name: horizon
# type: scalar
100


# name: n_samples
# type: scalar
1





# name: <cell-element>
# type: scalar struct
# ndims: 2
 1 1
# length: 8
# name: A
# type: scalar
2


# name: X
# type: scalar
8


# name: Y
# type: scalar
2


# name: Z
# type: scalar
2


# name: lambda
# type: scalar
0.75


# name: n_iter
# type: scalar
100


# name: horizon
# type: scalar
100


# name: n_samples
# type: scalar
1





# name: <cell-element>
# type: scalar struct
# ndims: 2
 1 1
# length: 8
# name: A
# type: scalar
2


# name: X
# type: scalar
8


# name: Y
# type: scalar
2


# name: Z
# type: scalar
2


# name: lambda
# type: scalar
1


# name: n_iter
# type: scalar
100


# name: horizon
# type: scalar
100


# name: n_samples
# type: scalar
1







# name: PU
# type: cell
# rows: 1
# columns: 5
# name: <cell-element>
# type: matrix
# rows: 100
# columns: 2
 0.5159278549846705 0.5471253712304436
 0.3885915270647666 0.581102024009466
 0.4514677484517036 0.5665856494197207
 0.5622078076590008 0.5716561001702188
 0.6291224698589973 0.504978018148033
 0.6123581446073066 0.5359660198806909
 0.5847478757759551 0.504089502151935
 0.558243954743552 0.5526541714949579
 0.4334642925605973 0.5093226431759496
 0.5441059975841466 0.5267135183193921
 0.4570079220997247 0.4650110003648538
 0.4876346900253009 0.4961300963917982
 0.5937221710715731 0.5008349887238139
 0.4723611766452893 0.4754518287316499
 0.3886091705656354 0.4662633978967868
 0.4614809238836317 0.4524917329868133
 0.5349173320637786 0.4861935545676485
 0.4619848587971497 0.447757809537879
 0.5883511353140294 0.4681433353276335
 0.5565714210502204 0.4786788728832627
 0.5144993704082355 0.4598536172411575
 0.339285111850211 0.4650213689715944
 0.4400423889846019 0.4753516473215237
 0.5048438333093951 0.4947282291616847
 0.6292241725311647 0.5095337465393469
 0.4984402972380174 0.5002042616760674
 0.3900046136845496 0.5003025807459722
 0.5095168864429611 0.4907643668335666
 0.530295688361169 0.522211325984669
 0.4421054748967133 0.5213440599207259
 0.5271392291378567 0.4954299385762791
 0.5476849179502458 0.4948691792219982
 0.5024274524509411 0.5305607062438159
 0.4215227621956724 0.5300440910397615
 0.5048786407455378 0.531623401799121
 0.6030938041314678 0.5168778212729825
 0.5074944382126565 0.5278079762430712
 0.5488038929489395 0.5412453310100858
 0.5365729890673855 0.5311825864253101
 0.602804704721458 0.5233261923997555
 0.5975975719108612 0.5251635290051605
 0.5169934743382717 0.5319902700565222
 0.5282440220683368 0.5283275153749079
 0.5869172146132965 0.5294048233221045
 0.4956647402274983 0.5410050178517918
 0.527618654216691 0.535714359126527
 0.528039047069527 0.525234932731891
 0.6127965611772863 0.5142859484105505
 0.5183294520340322 0.5148552801445954
 0.5570795418393197 0.514346257786219
 0.5067901541790356 0.5138233369121116
 0.6087655513134246 0.514249890699956
 0.5759843203950004 0.5144368561802016
 0.5824136029344412 0.5142480410824218
 0.5627434361137326 0.5187346107555524
 0.607911288324756 0.5145666595655455
 0.5875230994213846 0.514720123747192
 0.5284523272846287 0.5140276002843434
 0.5849087981959329 0.5144475917145468
 0.6147098005433536 0.5144069853661324
 0.6154851153937868 0.5149201242999868
 0.614924840032958 0.5236487304086188
 0.5549100109340689 0.5247331816244977
 0.6005923738171072 0.5408831917702912
 0.6125945906041791 0.5140614958395762
 0.5793729221453472 0.5372285572777731
 0.5780107205044908 0.537638696093228
 0.654924490353004 0.5273808481898443
 0.5752335429305391 0.5320810582360023
 0.5105574386120866 0.5362161281136926
 0.6461207480548594 0.5291334778293395
 0.6128213804090082 0.5214473635203734
 0.5241577876332587 0.5252762366947643
 0.6212521544328133 0.5287105265970928
 0.655873534861523 0.5314419636530742
 0.6474784082228908 0.5416508358769019
 0.6558303499715483 0.5262365381047649
 0.6650187353240116 0.5265377153524484
 0.6133259650562614 0.5448175813604392
 0.6553477741712173 0.5447679112517028
 0.5792644137977067 0.5429245181879667
 0.5373430782460075 0.544651190982155
 0.6486975840028726 0.5447669789780574
 0.6551655065650762 0.5448308785401821
 0.6458584032496439 0.544528539048829
 0.5455853565434103 0.5385367956438702
 0.6554253964227911 0.5432498340439165
 0.6340291530303046 0.5450337204790119
 0.6316381903905357 0.5451913244329092
 0.6255045105151272 0.5449106018316026
 0.6496769102150999 0.5446320622845202
 0.6256339113781586 0.5447954314178403
 0.6653577017115493 0.5445141079015099
 0.6247503611468206 0.5449432874114588
 0.6148095602192576 0.5444933834053003
 0.6554923833648567 0.5451605234150607
 0.5056160238004008 0.542313668948196
 0.6172224285942062 0.5449871129202652
 0.6421667757344023 0.545534911115398
 0.6434717800795071 0.540203665774196



