# Created by Octave 4.0.0, Wed May 09 11:38:03 2018 CEST <olethros@olethros-OptiPlex-9010>
# name: results
# type: struct
# ndims: 2
 1 5
# length: 8
# name: options
# type: cell
# rows: 1
# columns: 5
# name: <cell-element>
# type: scalar struct
# ndims: 2
 1 1
# length: 8
# name: A
# type: scalar
2


# name: X
# type: scalar
8


# name: Y
# type: scalar
2


# name: Z
# type: scalar
2


# name: lambda
# type: scalar
0


# name: n_iter
# type: scalar
100


# name: horizon
# type: scalar
100


# name: n_samples
# type: scalar
1





# name: <cell-element>
# type: scalar struct
# ndims: 2
 1 1
# length: 8
# name: A
# type: scalar
2


# name: X
# type: scalar
8


# name: Y
# type: scalar
2


# name: Z
# type: scalar
2


# name: lambda
# type: scalar
0.25


# name: n_iter
# type: scalar
100


# name: horizon
# type: scalar
100


# name: n_samples
# type: scalar
1





# name: <cell-element>
# type: scalar struct
# ndims: 2
 1 1
# length: 8
# name: A
# type: scalar
2


# name: X
# type: scalar
8


# name: Y
# type: scalar
2


# name: Z
# type: scalar
2


# name: lambda
# type: scalar
0.5


# name: n_iter
# type: scalar
100


# name: horizon
# type: scalar
100


# name: n_samples
# type: scalar
1





# name: <cell-element>
# type: scalar struct
# ndims: 2
 1 1
# length: 8
# name: A
# type: scalar
2


# name: X
# type: scalar
8


# name: Y
# type: scalar
2


# name: Z
# type: scalar
2


# name: lambda
# type: scalar
0.75


# name: n_iter
# type: scalar
100


# name: horizon
# type: scalar
100


# name: n_samples
# type: scalar
1





# name: <cell-element>
# type: scalar struct
# ndims: 2
 1 1
# length: 8
# name: A
# type: scalar
2


# name: X
# type: scalar
8


# name: Y
# type: scalar
2


# name: Z
# type: scalar
2


# name: lambda
# type: scalar
1


# name: n_iter
# type: scalar
100


# name: horizon
# type: scalar
100


# name: n_samples
# type: scalar
1







# name: PU
# type: cell
# rows: 1
# columns: 5
# name: <cell-element>
# type: matrix
# rows: 100
# columns: 2
 0.5156168892144504 0.4811615055865463
 0.5382853355468455 0.4765460042543164
 0.496771362130607 0.5241900536422598
 0.5134298467191978 0.5280251100095253
 0.576149819212221 0.5042146442926635
 0.4711414711381554 0.542500576936797
 0.5684896904465173 0.523741862362135
 0.5031230295450204 0.5257054241169331
 0.5123193703198272 0.5588597668498707
 0.5190537863771906 0.5655786498456824
 0.5484032175979234 0.528990471720426
 0.5271038549816085 0.5318980492886787
 0.5246638364691242 0.555392616414022
 0.4879930836783083 0.5314621043203472
 0.5586577840796021 0.5162696099936673
 0.5114702337603555 0.5301090755480633
 0.5359807736838678 0.5548811327436214
 0.5479849476611551 0.5612958952434881
 0.5315581037810611 0.5075964025636605
 0.4850727351602357 0.5456567722867575
 0.4512872901178235 0.5425675248889275
 0.5661722573322148 0.5123876841446998
 0.506694157150354 0.5412924926219318
 0.4995419299294148 0.528001436278406
 0.4619996271675349 0.5019780939784111
 0.50947438386 0.556153526771862
 0.4836853687687897 0.5573689218426822
 0.5232484713091017 0.5496637572651091
 0.5702102495204289 0.5438398741647731
 0.5762635442741688 0.5647747835103972
 0.4888841925844354 0.5655816725636771
 0.5657526426267994 0.5597472165577392
 0.4944243860890473 0.5602469234649128
 0.5624131948692556 0.5628726717616256
 0.5708664724806993 0.5590512030517404
 0.5160071069276769 0.5601413882719943
 0.5038821918481037 0.5644517806220926
 0.5476652608808791 0.5587619522897593
 0.4735698135875281 0.5543851594374067
 0.5727982786654816 0.570118110720391
 0.5641108004977977 0.5671675110327545
 0.514034045243477 0.5696544226808778
 0.5108329126931104 0.5698162070390838
 0.5161433798349833 0.5668192113473964
 0.5667444968424356 0.5694469898790911
 0.536645291787233 0.569948987782994
 0.5736658237206946 0.5709458036698635
 0.4779803549135943 0.5729737664596491
 0.5498982068796691 0.5626585434996669
 0.4854118519833161 0.5674932782366851
 0.5118368808473317 0.5635179522879372
 0.5024991852192707 0.5685800235486305
 0.5136783102008819 0.5643022147931966
 0.5125093958266511 0.5576969246188435
 0.5165558468791868 0.5570884533230724
 0.5034797471952829 0.5641917135203414
 0.4557345971865728 0.551940896645861
 0.4567111947693958 0.5520201121375098
 0.5499515939913222 0.5536956778436625
 0.5129082497575339 0.5551185926755385
 0.4559628243107914 0.5471289674222899
 0.4438771445073168 0.5658991652649955
 0.4511660919449308 0.5424660933152599
 0.4496209564151961 0.5419548278164706
 0.5165558468791868 0.5615244537488472
 0.4555081830280114 0.5486274589755159
 0.4550264428397809 0.5490035400545747
 0.4447679003931677 0.5558672296457053
 0.4515312018412708 0.5431915026841122
 0.479420111634072 0.5468698747005548
 0.4846914935227649 0.5414268889639081
 0.532995916458155 0.5466285445791855
 0.4613300367185575 0.5526117314330923
 0.4770933013157428 0.5495348261510141
 0.5297675696763787 0.5595064893446866
 0.4453855173244343 0.5581847076414607
 0.4678870361117289 0.5637712456073076
 0.5302101483229827 0.5604990936244018
 0.5037847488451708 0.5603059120063937
 0.5030056182468531 0.5559059522660353
 0.4342652966472025 0.549535430866856
 0.5203672170436396 0.5609137075970638
 0.4618533156417502 0.5647590485947608
 0.471165447367367 0.5593733545396437
 0.5350223208768449 0.5679289591305972
 0.4758656923543656 0.5653484086937202
 0.4565478128218347 0.5549225395053022
 0.5640407160256778 0.5545682987470286
 0.5235222310748779 0.5577970637365322
 0.5091837863921345 0.5598651149574763
 0.5089859282375558 0.5587765726661181
 0.5661871220929835 0.555075315651594
 0.5246771176132791 0.549529922519717
 0.4763714355834822 0.5579035166140852
 0.4595891097026364 0.5579248399185863
 0.5103803948499976 0.5494743577773801
 0.535196839836376 0.5533348330646479
 0.4374764263666195 0.5679766747336333
 0.5301287695811987 0.5494119622171771
 0.470466164527965 0.5513845280216487



