# Created by Octave 4.0.0, Wed May 09 11:36:22 2018 CEST <olethros@olethros-OptiPlex-9010>
# name: results
# type: struct
# ndims: 2
 1 5
# length: 8
# name: options
# type: cell
# rows: 1
# columns: 5
# name: <cell-element>
# type: scalar struct
# ndims: 2
 1 1
# length: 8
# name: A
# type: scalar
2


# name: X
# type: scalar
8


# name: Y
# type: scalar
2


# name: Z
# type: scalar
2


# name: lambda
# type: scalar
0


# name: n_iter
# type: scalar
100


# name: horizon
# type: scalar
100


# name: n_samples
# type: scalar
1





# name: <cell-element>
# type: scalar struct
# ndims: 2
 1 1
# length: 8
# name: A
# type: scalar
2


# name: X
# type: scalar
8


# name: Y
# type: scalar
2


# name: Z
# type: scalar
2


# name: lambda
# type: scalar
0.25


# name: n_iter
# type: scalar
100


# name: horizon
# type: scalar
100


# name: n_samples
# type: scalar
1





# name: <cell-element>
# type: scalar struct
# ndims: 2
 1 1
# length: 8
# name: A
# type: scalar
2


# name: X
# type: scalar
8


# name: Y
# type: scalar
2


# name: Z
# type: scalar
2


# name: lambda
# type: scalar
0.5


# name: n_iter
# type: scalar
100


# name: horizon
# type: scalar
100


# name: n_samples
# type: scalar
1





# name: <cell-element>
# type: scalar struct
# ndims: 2
 1 1
# length: 8
# name: A
# type: scalar
2


# name: X
# type: scalar
8


# name: Y
# type: scalar
2


# name: Z
# type: scalar
2


# name: lambda
# type: scalar
0.75


# name: n_iter
# type: scalar
100


# name: horizon
# type: scalar
100


# name: n_samples
# type: scalar
1





# name: <cell-element>
# type: scalar struct
# ndims: 2
 1 1
# length: 8
# name: A
# type: scalar
2


# name: X
# type: scalar
8


# name: Y
# type: scalar
2


# name: Z
# type: scalar
2


# name: lambda
# type: scalar
1


# name: n_iter
# type: scalar
100


# name: horizon
# type: scalar
100


# name: n_samples
# type: scalar
1







# name: PU
# type: cell
# rows: 1
# columns: 5
# name: <cell-element>
# type: matrix
# rows: 100
# columns: 2
 0.5412455264868404 0.5128868345613429
 0.5013726632390485 0.5117230613889354
 0.4533708705538483 0.5128334641309605
 0.4484367315393727 0.4925193964877334
 0.5565725052388226 0.4250447754372663
 0.5522150645000312 0.4671581595890717
 0.5438971246399675 0.4662976539363441
 0.4305637394682759 0.4395448036070617
 0.4858563109098389 0.4299013564738419
 0.6123076887793452 0.5179223386693691
 0.5849716473277869 0.4947793718614457
 0.5848065778848599 0.5236404470690343
 0.587243814968151 0.5057399613788488
 0.5517048877332819 0.5099946179448368
 0.5844830576186528 0.5217552793525018
 0.5945449082764701 0.5126871423470803
 0.6031539720477456 0.5025092746612154
 0.5473327437006321 0.5159576618555808
 0.5737445981361567 0.5297343175306283
 0.5593412872503952 0.5220726725654138
 0.5697234459034225 0.5157216055590936
 0.4932499652529225 0.5260518611284584
 0.6126080521473498 0.520291463302998
 0.6082413203236864 0.5282881770622564
 0.5707944547500248 0.5188208741677143
 0.6111123124463741 0.5282600809112119
 0.500490570534351 0.5204060935887094
 0.5531220594444108 0.5246801648463491
 0.6142215248468647 0.5198060570564068
 0.618674139353852 0.5451690382452354
 0.5153989059205422 0.5513229788627753
 0.6106397939144437 0.5556679148626049
 0.5020913858201946 0.5466025690474585
 0.5094053263430778 0.546240724012515
 0.5905264705750424 0.5482467263107499
 0.5844830576186528 0.5456401981185722
 0.4773626196750737 0.5455709911316428
 0.5959018349125164 0.5728234040334952
 0.502373540169826 0.5617866031566016
 0.5789698332978032 0.5692707096124308
 0.5840590549336869 0.5650325185338271
 0.4612595195404887 0.5701888398848489
 0.5055425539124098 0.5650806985295723
 0.5658316974038934 0.567688012209943
 0.5007692108488899 0.560540527224007
 0.6009339216349248 0.5658998175472617
 0.491725175461701 0.5633300933159187
 0.4881809263272789 0.5672891895054343
 0.6181261827325314 0.5658170884460296
 0.5921628286770566 0.5681855742787748
 0.5068520229550716 0.5635280393322477
 0.5295389998597835 0.5673546265086823
 0.5808600562365911 0.5696956173720232
 0.6196394377717774 0.5669585653069662
 0.5793347373035528 0.5626391237200217
 0.6261333979068409 0.5631533163162936
 0.5022371151207505 0.5692758393168961
 0.4870494265217185 0.5677378723910811
 0.5672672413473548 0.5665082174997296
 0.5813526701510883 0.5693446789236326
 0.6045651651067148 0.5585275992116507
 0.4883416531958532 0.5689559854373254
 0.5649172475609451 0.5709689340194318
 0.584108052403141 0.5657922554143199
 0.607803481147181 0.5684510513147231
 0.5134075289029901 0.5656121615308829
 0.5031493002499003 0.5587493404365843
 0.4875375198703361 0.5624380530916372
 0.4937536044660184 0.5677573360850532
 0.6097877152708139 0.5728488075707036
 0.4962243350066933 0.5625041840584648
 0.4642783591463183 0.5659803158721436
 0.493889082792823 0.5607024288631005
 0.4576391560019316 0.5656694670974428
 0.6149299016959463 0.5713439544603885
 0.4993760561123383 0.5611628831907584
 0.4427382859156849 0.5585340828265595
 0.493183100410039 0.5599609461843523
 0.4905443572523016 0.5740234078986097
 0.4946301830156258 0.5641121405339838
 0.4972797768742745 0.5664527816566034
 0.4469376026922555 0.5735414981683962
 0.4857583555413505 0.5600854043478297
 0.5591841187335688 0.5689053359168103
 0.4490887394911162 0.5714440997468829
 0.6023695890315657 0.5727939236699018
 0.5631952369442789 0.5660503371136972
 0.4699079932259326 0.562248459933687
 0.5667115258681537 0.5598108813012845
 0.5146311962886014 0.5669417424434934
 0.4924578698199787 0.5669841791404346
 0.4941018476406159 0.5749509815986582
 0.5098797965360112 0.5715059541431635
 0.4668080343851285 0.5698273648571913
 0.4621337403666395 0.5664374320087296
 0.4903304750097835 0.558371129557218
 0.5042303770088264 0.5616015529686543
 0.526481675517289 0.564561981460958
 0.4919793238289683 0.558371129557218
 0.5774583269189438 0.5629711366895125



