# Created by Octave 4.0.0, Wed May 09 11:37:00 2018 CEST <olethros@olethros-OptiPlex-9010>
# name: results
# type: struct
# ndims: 2
 1 5
# length: 8
# name: options
# type: cell
# rows: 1
# columns: 5
# name: <cell-element>
# type: scalar struct
# ndims: 2
 1 1
# length: 8
# name: A
# type: scalar
2


# name: X
# type: scalar
8


# name: Y
# type: scalar
2


# name: Z
# type: scalar
2


# name: lambda
# type: scalar
0


# name: n_iter
# type: scalar
100


# name: horizon
# type: scalar
100


# name: n_samples
# type: scalar
1





# name: <cell-element>
# type: scalar struct
# ndims: 2
 1 1
# length: 8
# name: A
# type: scalar
2


# name: X
# type: scalar
8


# name: Y
# type: scalar
2


# name: Z
# type: scalar
2


# name: lambda
# type: scalar
0.25


# name: n_iter
# type: scalar
100


# name: horizon
# type: scalar
100


# name: n_samples
# type: scalar
1





# name: <cell-element>
# type: scalar struct
# ndims: 2
 1 1
# length: 8
# name: A
# type: scalar
2


# name: X
# type: scalar
8


# name: Y
# type: scalar
2


# name: Z
# type: scalar
2


# name: lambda
# type: scalar
0.5


# name: n_iter
# type: scalar
100


# name: horizon
# type: scalar
100


# name: n_samples
# type: scalar
1





# name: <cell-element>
# type: scalar struct
# ndims: 2
 1 1
# length: 8
# name: A
# type: scalar
2


# name: X
# type: scalar
8


# name: Y
# type: scalar
2


# name: Z
# type: scalar
2


# name: lambda
# type: scalar
0.75


# name: n_iter
# type: scalar
100


# name: horizon
# type: scalar
100


# name: n_samples
# type: scalar
1





# name: <cell-element>
# type: scalar struct
# ndims: 2
 1 1
# length: 8
# name: A
# type: scalar
2


# name: X
# type: scalar
8


# name: Y
# type: scalar
2


# name: Z
# type: scalar
2


# name: lambda
# type: scalar
1


# name: n_iter
# type: scalar
100


# name: horizon
# type: scalar
100


# name: n_samples
# type: scalar
1







# name: PU
# type: cell
# rows: 1
# columns: 5
# name: <cell-element>
# type: matrix
# rows: 100
# columns: 2
 0.4893997894222716 0.4588488082557515
 0.4439762538917502 0.4658128270895213
 0.5618517394779505 0.489456505266481
 0.487928675499908 0.4989039179027169
 0.530588591104193 0.4669075710907817
 0.6140533245423569 0.5429783585050887
 0.5240761210589451 0.5641619862092536
 0.495922489299567 0.5148617942688829
 0.5112921125748723 0.517795075293137
 0.5861833046349121 0.5643236506677016
 0.5319851795575302 0.4829549192756628
 0.5232041217448018 0.5161900418075999
 0.4549126648125464 0.4994519255418087
 0.5396625859800036 0.5110625041870857
 0.5686392916199119 0.4781005127834436
 0.4702079334524105 0.4906936711287018
 0.5513314385752182 0.4524698688367476
 0.5999741653182733 0.5678758228204031
 0.6020344280635495 0.5006602497999246
 0.5133708419363568 0.5027029982005479
 0.5489319241323843 0.4914942226572637
 0.5717194986660104 0.4913225623100346
 0.5440350375646859 0.5179267285735618
 0.6233635729380378 0.516373880331652
 0.5766068690795785 0.4716217728223108
 0.6571692542643717 0.4897491274727715
 0.5294044766525107 0.5549810157513161
 0.5861833046349121 0.5149490505658398
 0.62104404663283 0.5583466204203946
 0.533845792391924 0.5178758321788993
 0.5177408806835857 0.5186112903394002
 0.5900883992590491 0.5082927573980242
 0.5778535412146049 0.5153500304019936
 0.6233635729380378 0.5505424831423336
 0.6262394257176231 0.5211812200872711
 0.5717194986660104 0.5582182292951634
 0.5334063611810299 0.5392935452638473
 0.5371360700752315 0.5277065046616262
 0.5804869417221049 0.5903889795303613
 0.6095358954934835 0.565493266704576
 0.6271469033858781 0.5616018348956271
 0.6157148936983512 0.5645719845406088
 0.6414809044789278 0.5513716903471301
 0.5950542236553983 0.5406924351369156
 0.6479512309775239 0.5556952898891245
 0.5895383500583746 0.5922430786033179
 0.6245956514275344 0.6109789499623417
 0.602901879145827 0.6109789499623417
 0.6571692542643717 0.6109789499623417
 0.6537451426314589 0.6109789499623417
 0.6118640131002733 0.6109789499623417
 0.6526642362649195 0.6109789499623417
 0.5510636387397414 0.6109789499623417
 0.6109789499623417 0.6089090703039379
 0.6344632320050254 0.6109789499623417
 0.6571692542643717 0.6109789499623417
 0.5088999135710308 0.6109789499623417
 0.6571692542643717 0.6109789499623417
 0.6007637274522235 0.6109789499623417
 0.5816700743190237 0.6109789499623417
 0.6087687208197614 0.6109789499623417
 0.6055251799923442 0.6109789499623417
 0.5643779806605811 0.6109789499623417
 0.5850954356859486 0.6109789499623417
 0.5935047026038223 0.6109789499623417
 0.6364550085390928 0.6109789499623417
 0.5867932508564118 0.6109789499623417
 0.612932080025941 0.604898279422651
 0.6150733361231215 0.6109789499623417
 0.6336246960857435 0.6109789499623417
 0.6557844839725371 0.6109789499623417
 0.6418245631488988 0.6100881310620736
 0.5554881353629124 0.60356584638498
 0.586647401691382 0.6095351231581374
 0.62240699565137 0.6109789499623417
 0.6011340076659744 0.5919064599339602
 0.611520246233245 0.5943581619174254
 0.6262394257176231 0.6032126252192982
 0.6319499905396406 0.6105680263593207
 0.6567600688763404 0.5838973779977934
 0.6296153273439631 0.5859403304400053
 0.6530797764049598 0.5905655336686122
 0.621734407718171 0.5902647042370628
 0.6319499905396406 0.5889175187311508
 0.6364550085390928 0.5887143737052498
 0.6364550085390928 0.5918173817985081
 0.5978482212726233 0.5902647042370628
 0.6278685909374899 0.5921654788430357
 0.6384941579389527 0.5973864212762861
 0.6571692542643717 0.5922915969735217
 0.6567397514884403 0.594488791359112
 0.6163603641925115 0.5858219685405373
 0.5531715805504229 0.588055129357846
 0.6319499905396406 0.5885607849124741
 0.6055251799923442 0.5980237178617742
 0.5960305089784705 0.5902647042370628
 0.6126900229647083 0.5921833797564409
 0.6271358468551673 0.5910045693500916
 0.6249449846458111 0.591577054428239
 0.6364550085390928 0.5902647042370628



