# Created by Octave 4.0.0, Wed May 09 11:37:51 2018 CEST <olethros@olethros-OptiPlex-9010>
# name: results
# type: struct
# ndims: 2
 1 5
# length: 8
# name: options
# type: cell
# rows: 1
# columns: 5
# name: <cell-element>
# type: scalar struct
# ndims: 2
 1 1
# length: 8
# name: A
# type: scalar
2


# name: X
# type: scalar
8


# name: Y
# type: scalar
2


# name: Z
# type: scalar
2


# name: lambda
# type: scalar
0


# name: n_iter
# type: scalar
100


# name: horizon
# type: scalar
100


# name: n_samples
# type: scalar
1





# name: <cell-element>
# type: scalar struct
# ndims: 2
 1 1
# length: 8
# name: A
# type: scalar
2


# name: X
# type: scalar
8


# name: Y
# type: scalar
2


# name: Z
# type: scalar
2


# name: lambda
# type: scalar
0.25


# name: n_iter
# type: scalar
100


# name: horizon
# type: scalar
100


# name: n_samples
# type: scalar
1





# name: <cell-element>
# type: scalar struct
# ndims: 2
 1 1
# length: 8
# name: A
# type: scalar
2


# name: X
# type: scalar
8


# name: Y
# type: scalar
2


# name: Z
# type: scalar
2


# name: lambda
# type: scalar
0.5


# name: n_iter
# type: scalar
100


# name: horizon
# type: scalar
100


# name: n_samples
# type: scalar
1





# name: <cell-element>
# type: scalar struct
# ndims: 2
 1 1
# length: 8
# name: A
# type: scalar
2


# name: X
# type: scalar
8


# name: Y
# type: scalar
2


# name: Z
# type: scalar
2


# name: lambda
# type: scalar
0.75


# name: n_iter
# type: scalar
100


# name: horizon
# type: scalar
100


# name: n_samples
# type: scalar
1





# name: <cell-element>
# type: scalar struct
# ndims: 2
 1 1
# length: 8
# name: A
# type: scalar
2


# name: X
# type: scalar
8


# name: Y
# type: scalar
2


# name: Z
# type: scalar
2


# name: lambda
# type: scalar
1


# name: n_iter
# type: scalar
100


# name: horizon
# type: scalar
100


# name: n_samples
# type: scalar
1







# name: PU
# type: cell
# rows: 1
# columns: 5
# name: <cell-element>
# type: matrix
# rows: 100
# columns: 2
 0.5308968537367463 0.4820389823378961
 0.5318935352533585 0.4820389823378961
 0.5542696329617349 0.4812210350277551
 0.4448841840411834 0.5501517411452659
 0.5277578616380749 0.4624014895752024
 0.6358204459252906 0.4871567647430705
 0.6023873325535593 0.5170734988904097
 0.6371305193319801 0.6238155081718768
 0.4131513266130558 0.5800292876332699
 0.5323572755838297 0.5896703182319636
 0.6428077400809508 0.6279385774402106
 0.5990212844191322 0.5771443832855688
 0.6277115340625462 0.5410529693970709
 0.6283513915020923 0.6231322099932102
 0.5522601033161648 0.5437903799019309
 0.6210676949041519 0.5282523602140711
 0.5164855804643506 0.5056052806451735
 0.606044097085045 0.5883100672738381
 0.5641093698580669 0.4804179255508468
 0.6104191483291808 0.4980771243046951
 0.639472898490303 0.4592525812504303
 0.5540030088717725 0.4776774408324269
 0.5015829465098758 0.5024923706481123
 0.6364946957175345 0.4791081380288154
 0.5914883853668786 0.4529346376100145
 0.6566062374262198 0.5037012350498954
 0.5893541904255244 0.519393422556664
 0.5615607672000157 0.5145900969186542
 0.5864707055217807 0.5173880502261557
 0.5671685686354968 0.5257192948455712
 0.4796959884767515 0.5045093461947137
 0.6373358958740764 0.5258867897640335
 0.591323078968937 0.5273631289161674
 0.5388106958851387 0.5201721004641761
 0.5673753387679563 0.5043079814264456
 0.538671582681272 0.5266454027509678
 0.5730816153474441 0.5390344107138002
 0.6402159884866536 0.5016886123827244
 0.6542060603345463 0.534847384408514
 0.6232106416711559 0.5152293671296864
 0.5743234891356287 0.535076996752903
 0.6581282647880359 0.5532352362627265
 0.6180203742616307 0.554575036745538
 0.5947092662182091 0.5407027235541989
 0.7177399657412203 0.5612410568362721
 0.6344035537739812 0.5339777860296022
 0.6413933038917389 0.5421828827502279
 0.7130929264062039 0.5531649381957036
 0.6518763181556394 0.5890592821928891
 0.5934212146475077 0.5546956431556765
 0.6662677467295192 0.5838286986872108
 0.4966945046769978 0.5891290535319382
 0.6869621860682119 0.5989500459279958
 0.6506476249603904 0.5763233201416043
 0.5646025889553075 0.5697183581611253
 0.6248091553676987 0.5948080201048201
 0.6777169084064397 0.5762212059785343
 0.5938722496112426 0.5806287642601694
 0.6621829914609028 0.6031812161035371
 0.6781912602877975 0.5675586128826007
 0.6649954866807322 0.5906722542316898
 0.627933342170344 0.5792418572976059
 0.6488261791444733 0.5706808024575951
 0.7043468060721222 0.5800765119454359
 0.6488261791444733 0.5656864366342135
 0.6225365683690413 0.5312853514964352
 0.6779417227300966 0.5731230991276139
 0.6165093005127972 0.579744781540549
 0.6281632563554569 0.5557786378501768
 0.6053007598669408 0.5539603601212484
 0.6540954220582132 0.5569530682498042
 0.627420016131368 0.5463695734209303
 0.6143345143138098 0.5377397484233273
 0.5827624978407646 0.5571551345251542
 0.6869621860682119 0.5329062213718515
 0.6260198231529083 0.542524882590363
 0.6431786731760208 0.5668264575902132
 0.6895374067209651 0.5704418093498819
 0.6047014656075919 0.5715605512581216
 0.5840341025488517 0.5815933300999797
 0.6155991762896221 0.5743518846344412
 0.6066350205109445 0.5751637782336489
 0.5843661094490145 0.5566807539084399
 0.6431786731760208 0.5731299819824902
 0.6555684613130298 0.5766902860576714
 0.6557316241752058 0.5914789163253179
 0.6505143130301344 0.5911113441055262
 0.584072086033935 0.590736149280763
 0.67171720034241 0.5914632958741773
 0.6869621860682119 0.5903142091505226
 0.6260320624823985 0.5879999459358518
 0.6686373182521032 0.5805190454560036
 0.6869621860682119 0.5910104198723241
 0.6256424658189202 0.5910306341203787
 0.6431786731760208 0.5913772185614279
 0.6349909206237515 0.5911651846224139
 0.6734608956818016 0.5907292287878353
 0.5602564421771516 0.5783666030403559
 0.6487000937143568 0.5912592955289441
 0.6410273299985265 0.5905571945416913



